"start_date","casual","member","total"
"20/09/2010",34,178,212
"21/09/2010",109,215,324
"22/09/2010",117,260,377
"23/09/2010",124,249,373
"24/09/2010",156,206,362
"25/09/2010",267,272,539
"26/09/2010",230,307,537
"27/09/2010",64,222,286
"28/09/2010",101,310,411
"29/09/2010",77,345,422
"30/09/2010",19,140,159
"01/10/2010",164,414,578
"02/10/2010",397,442,839
"03/10/2010",222,283,505
"04/10/2010",58,268,326
"05/10/2010",86,538,624
"06/10/2010",94,569,663
"07/10/2010",162,707,869
"08/10/2010",218,696,914
"09/10/2010",570,539,1109
"10/10/2010",621,476,1097
"11/10/2010",350,617,967
"12/10/2010",248,832,1080
"13/10/2010",237,894,1131
"14/10/2010",72,501,573
"15/10/2010",280,857,1137
"16/10/2010",567,807,1374
"17/10/2010",597,735,1332
"18/10/2010",194,943,1137
"19/10/2010",194,955,1149
"20/10/2010",166,974,1140
"21/10/2010",194,1134,1328
"22/10/2010",237,1125,1362
"23/10/2010",760,938,1698
"24/10/2010",718,826,1544
"25/10/2010",227,1100,1327
"26/10/2010",267,1287,1554
"27/10/2010",142,875,1017
"28/10/2010",357,1337,1694
"29/10/2010",416,1236,1652
"30/10/2010",1157,1133,2290
"31/10/2010",988,954,1942
"01/11/2010",236,1215,1451
"02/11/2010",182,1223,1405
"03/11/2010",180,1310,1490
"04/11/2010",45,544,589
"05/11/2010",294,1560,1854
"06/11/2010",604,1212,1816
"07/11/2010",394,1020,1414
"08/11/2010",163,1436,1599
"09/11/2010",215,1719,1934
"10/11/2010",226,1822,2048
"11/11/2010",417,1632,2049
"12/11/2010",396,1624,2020
"13/11/2010",915,1350,2265
"14/11/2010",822,1183,2005
"15/11/2010",218,1517,1735
"16/11/2010",62,710,772
"17/11/2010",180,1743,1923
"18/11/2010",191,1665,1856
"19/11/2010",250,1704,1954
"20/11/2010",837,1514,2351
"21/11/2010",563,1189,1752
"22/11/2010",257,1648,1905
"23/11/2010",161,1604,1765
"24/11/2010",157,1322,1479
"25/11/2010",196,357,553
"26/11/2010",197,581,778
"27/11/2010",362,576,938
"28/11/2010",207,737,944
"29/11/2010",96,1388,1484
"30/11/2010",94,1165,1259
"01/12/2010",40,939,979
"02/12/2010",89,1369,1458
"03/12/2010",113,1473,1586
"04/12/2010",246,958,1204
"05/12/2010",166,845,1011
"06/12/2010",48,1134,1182
"07/12/2010",46,1026,1072
"08/12/2010",59,1075,1134
"09/12/2010",71,1197,1268
"10/12/2010",73,1203,1276
"11/12/2010",182,947,1129
"12/12/2010",43,377,420
"13/12/2010",46,987,1033
"14/12/2010",38,805,843
"15/12/2010",43,1006,1049
"16/12/2010",12,657,669
"17/12/2010",35,819,854
"18/12/2010",84,739,823
"19/12/2010",101,698,799
"20/12/2010",54,971,1025
"21/12/2010",50,986,1036
"22/12/2010",100,996,1096
"23/12/2010",61,677,738
"24/12/2010",72,271,343
"25/12/2010",102,86,188
"26/12/2010",15,69,84
"27/12/2010",26,272,298
"28/12/2010",69,620,689
"29/12/2010",111,812,923
"30/12/2010",148,955,1103
"31/12/2010",283,651,934
"01/01/2011",330,629,959
"02/01/2011",130,651,781
"03/01/2011",120,1181,1301
"04/01/2011",107,1429,1536
"05/01/2011",82,1489,1571
"06/01/2011",88,1485,1573
"07/01/2011",148,1345,1493
"08/01/2011",68,871,939
"09/01/2011",54,748,802
"10/01/2011",41,1257,1298
"11/01/2011",43,1188,1231
"12/01/2011",25,1116,1141
"13/01/2011",37,1346,1383
"14/01/2011",54,1330,1384
"15/01/2011",222,1018,1240
"16/01/2011",251,937,1188
"17/01/2011",117,876,993
"18/01/2011",9,663,672
"19/01/2011",78,1553,1631
"20/01/2011",81,1815,1896
"21/01/2011",73,1449,1522
"22/01/2011",93,876,969
"23/01/2011",150,827,977
"24/01/2011",86,1319,1405
"25/01/2011",186,1785,1971
"26/01/2011",34,466,500
"27/01/2011",15,409,424
"28/01/2011",38,1113,1151
"29/01/2011",123,947,1070
"30/01/2011",140,944,1084
"31/01/2011",42,1376,1418
"01/02/2011",47,1284,1331
"02/02/2011",72,1430,1502
"03/02/2011",61,1473,1534
"04/02/2011",88,1603,1691
"05/02/2011",100,892,992
"06/02/2011",354,1249,1603
"07/02/2011",119,1568,1687
"08/02/2011",64,1446,1510
"09/02/2011",52,1540,1592
"10/02/2011",46,1474,1520
"11/02/2011",148,1576,1724
"12/02/2011",288,1167,1455
"13/02/2011",396,1162,1558
"14/02/2011",207,1685,1892
"15/02/2011",139,1641,1780
"16/02/2011",218,1861,2079
"17/02/2011",258,2185,2443
"18/02/2011",578,2314,2892
"19/02/2011",532,1077,1609
"20/02/2011",639,1148,1787
"21/02/2011",195,898,1093
"22/02/2011",74,1358,1432
"23/02/2011",139,1740,1879
"24/02/2011",100,1686,1786
"25/02/2011",120,1323,1443
"26/02/2011",424,1519,1943
"27/02/2011",694,1677,2371
"28/02/2011",80,1350,1430
"01/03/2011",137,1695,1832
"02/03/2011",231,1878,2109
"03/03/2011",123,1536,1659
"04/03/2011",214,1709,1923
"05/03/2011",640,1414,2054
"06/03/2011",113,469,582
"07/03/2011",243,1599,1842
"08/03/2011",316,1781,2097
"09/03/2011",191,1677,1868
"10/03/2011",46,570,616
"11/03/2011",247,1706,1953
"12/03/2011",724,1380,2104
"13/03/2011",979,1396,2375
"14/03/2011",359,1673,2032
"15/03/2011",288,1736,2024
"16/03/2011",321,1851,2172
"17/03/2011",423,2295,2718
"18/03/2011",883,2311,3194
"19/03/2011",1422,1634,3056
"20/03/2011",1046,1372,2418
"21/03/2011",401,1657,2058
"22/03/2011",460,2207,2667
"23/03/2011",203,1898,2101
"24/03/2011",166,1678,1844
"25/03/2011",300,1886,2186
"26/03/2011",981,1477,2458
"27/03/2011",470,1195,1665
"28/03/2011",222,1782,2004
"29/03/2011",317,2080,2397
"30/03/2011",168,1351,1519
"31/03/2011",179,1489,1668
"01/04/2011",307,1885,2192
"02/04/2011",897,1328,2225
"03/04/2011",1651,1561,3212
"04/04/2011",734,2345,3079
"05/04/2011",167,1601,1768
"06/04/2011",413,2363,2776
"07/04/2011",570,2431,3001
"08/04/2011",172,1282,1454
"09/04/2011",879,1549,2428
"10/04/2011",1188,1662,2850
"11/04/2011",854,2450,3304
"12/04/2011",257,1740,1997
"13/04/2011",208,1920,2128
"14/04/2011",527,2683,3210
"15/04/2011",642,2441,3083
"16/04/2011",121,654,775
"17/04/2011",1555,2123,3678
"18/04/2011",668,2701,3369
"19/04/2011",409,2730,3139
"20/04/2011",612,3286,3898
"21/04/2011",743,3249,3992
"22/04/2011",177,1471,1648
"23/04/2011",1460,2510,3970
"24/04/2011",1708,2408,4116
"25/04/2011",772,3249,4021
"26/04/2011",675,3656,4331
"27/04/2011",545,3264,3809
"28/04/2011",568,3428,3996
"29/04/2011",877,3560,4437
"30/04/2011",1963,3251,5214
"01/05/2011",1137,2158,3295
"02/05/2011",845,3484,4329
"03/05/2011",603,3763,4366
"04/05/2011",252,2343,2595
"05/05/2011",611,3727,4338
"06/05/2011",891,3645,4536
"07/05/2011",1605,3011,4616
"08/05/2011",1400,2845,4245
"09/05/2011",661,3622,4283
"10/05/2011",691,4042,4733
"11/05/2011",550,3554,4104
"12/05/2011",694,4076,4770
"13/05/2011",690,3348,4038
"14/05/2011",899,2453,3352
"15/05/2011",1582,2902,4484
"16/05/2011",772,3137,3909
"17/05/2011",678,3389,4067
"18/05/2011",535,3277,3812
"19/05/2011",734,3769,4503
"20/05/2011",907,3937,4844
"21/05/2011",2254,3477,5731
"22/05/2011",1576,3020,4596
"23/05/2011",834,3390,4224
"24/05/2011",659,3763,4422
"25/05/2011",739,4178,4917
"26/05/2011",757,3874,4631
"27/05/2011",869,3753,4622
"28/05/2011",2000,2693,4693
"29/05/2011",2352,2391,4743
"30/05/2011",1548,2499,4047
"31/05/2011",671,3269,3940
"01/06/2011",512,3419,3931
"02/06/2011",736,4176,4912
"03/06/2011",898,4344,5242
"04/06/2011",1864,3384,5248
"05/06/2011",1684,3175,4859
"06/06/2011",670,3818,4488
"07/06/2011",760,4023,4783
"08/06/2011",675,3683,4358
"09/06/2011",562,3326,3888
"10/06/2011",814,3726,4540
"11/06/2011",1727,3174,4901
"12/06/2011",1467,2940,4407
"13/06/2011",863,4106,4969
"14/06/2011",726,4103,4829
"15/06/2011",769,4354,5123
"16/06/2011",544,3181,3725
"17/06/2011",862,3910,4772
"18/06/2011",1806,3248,5054
"19/06/2011",1638,3038,4676
"20/06/2011",697,3270,3967
"21/06/2011",770,3999,4769
"22/06/2011",655,3790,4445
"23/06/2011",745,3979,4724
"24/06/2011",969,3961,4930
"25/06/2011",1781,3333,5114
"26/06/2011",1918,3323,5241
"27/06/2011",853,3802,4655
"28/06/2011",729,3851,4580
"29/06/2011",848,4307,5155
"30/06/2011",1024,4432,5456
"01/07/2011",1244,4052,5296
"02/07/2011",2204,2848,5052
"03/07/2011",2279,2312,4591
"04/07/2011",3060,2915,5975
"05/07/2011",1030,3584,4614
"06/07/2011",783,3786,4569
"07/07/2011",754,3753,4507
"08/07/2011",689,3290,3979
"09/07/2011",1987,3281,5268
"10/07/2011",1744,3083,4827
"11/07/2011",720,3320,4040
"12/07/2011",661,3546,4207
"13/07/2011",745,3544,4289
"14/07/2011",888,4129,5017
"15/07/2011",1318,4157,5475
"16/07/2011",2417,3430,5847
"17/07/2011",2005,3240,5245
"18/07/2011",841,3563,4404
"19/07/2011",751,3718,4469
"20/07/2011",643,3630,4273
"21/07/2011",631,3106,3737
"22/07/2011",560,2788,3348
"23/07/2011",986,2255,3241
"24/07/2011",1049,2513,3562
"25/07/2011",566,3224,3790
"26/07/2011",749,3761,4510
"27/07/2011",753,3849,4602
"28/07/2011",606,3740,4346
"29/07/2011",669,3150,3819
"30/07/2011",1559,2858,4417
"31/07/2011",1523,2739,4262
"01/08/2011",729,3487,4216
"02/08/2011",800,4004,4804
"03/08/2011",467,3062,3529
"04/08/2011",799,3730,4529
"05/08/2011",1023,3795,4818
"06/08/2011",1519,2726,4245
"07/08/2011",1296,2441,3737
"08/08/2011",845,3431,4276
"09/08/2011",908,3642,4550
"10/08/2011",884,3826,4710
"11/08/2011",811,3926,4737
"12/08/2011",1049,3799,4848
"13/08/2011",1499,2586,4085
"14/08/2011",1337,2437,3774
"15/08/2011",774,3507,4281
"16/08/2011",721,3952,4673
"17/08/2011",668,3974,4642
"18/08/2011",639,3117,3756
"19/08/2011",797,3305,4102
"20/08/2011",1914,3190,5104
"21/08/2011",1247,2562,3809
"22/08/2011",831,3868,4699
"23/08/2011",1268,4550,5818
"24/08/2011",941,4123,5064
"25/08/2011",435,3055,3490
"26/08/2011",768,3839,4607
"27/08/2011",225,880,1105
"28/08/2011",1414,2875,4289
"29/08/2011",729,3847,4576
"30/08/2011",772,4376,5148
"31/08/2011",688,4310,4998
"01/09/2011",783,4276,5059
"02/09/2011",873,3809,4682
"03/09/2011",1933,2493,4426
"04/09/2011",2522,2379,4901
"05/09/2011",1236,2074,3310
"06/09/2011",204,2462,2666
"07/09/2011",118,1846,1964
"08/09/2011",153,1657,1810
"09/09/2011",417,3093,3510
"10/09/2011",1749,3521,5270
"11/09/2011",1633,3324,4957
"12/09/2011",688,3950,4638
"13/09/2011",701,4012,4713
"14/09/2011",646,4090,4736
"15/09/2011",428,3184,3612
"16/09/2011",741,3952,4693
"17/09/2011",1431,3031,4462
"18/09/2011",1353,2875,4228
"19/09/2011",688,3779,4467
"20/09/2011",437,3156,3593
"21/09/2011",537,3768,4305
"22/09/2011",555,4188,4743
"23/09/2011",258,2109,2367
"24/09/2011",1777,3576,5353
"25/09/2011",1544,3416,4960
"26/09/2011",681,3906,4587
"27/09/2011",476,3593,4069
"28/09/2011",481,3396,3877
"29/09/2011",653,4140,4793
"30/09/2011",830,4320,5150
"01/10/2011",476,1926,2402
"02/10/2011",616,2268,2884
"03/10/2011",330,3199,3529
"04/10/2011",485,3920,4405
"05/10/2011",559,4212,4771
"06/10/2011",639,4078,4717
"07/10/2011",949,3976,4925
"08/10/2011",2233,3104,5337
"09/10/2011",2397,3048,5445
"10/10/2011",1513,3539,5052
"11/10/2011",666,3837,4503
"12/10/2011",217,2175,2392
"13/10/2011",290,2592,2882
"14/10/2011",528,3064,3592
"15/10/2011",1896,3240,5136
"16/10/2011",1748,3223,4971
"17/10/2011",713,3806,4519
"18/10/2011",635,4064,4699
"19/10/2011",254,2144,2398
"20/10/2011",471,3681,4152
"21/10/2011",676,3582,4258
"22/10/2011",1499,2749,4248
"23/10/2011",1619,2707,4326
"24/10/2011",698,3444,4142
"25/10/2011",694,3936,4630
"26/10/2011",404,3452,3856
"27/10/2011",240,2389,2629
"28/10/2011",455,3253,3708
"29/10/2011",57,562,619
"30/10/2011",885,2403,3288
"31/10/2011",362,3271,3633
"01/11/2011",410,3628,4038
"02/11/2011",367,3769,4136
"03/11/2011",317,3597,3914
"04/11/2011",470,3533,4003
"05/11/2011",1154,2733,3887
"06/11/2011",952,2659,3611
"07/11/2011",373,3602,3975
"08/11/2011",376,3773,4149
"09/11/2011",305,3752,4057
"10/11/2011",190,2713,2903
"11/11/2011",440,2897,3337
"12/11/2011",1275,2758,4033
"13/11/2011",1004,2680,3684
"14/11/2011",594,3833,4427
"15/11/2011",449,3712,4161
"16/11/2011",145,1660,1805
"17/11/2011",139,2886,3025
"18/11/2011",243,3113,3356
"19/11/2011",941,2679,3620
"20/11/2011",787,2685,3472
"21/11/2011",220,2510,2730
"22/11/2011",69,1518,1587
"23/11/2011",112,2423,2535
"24/11/2011",559,918,1477
"25/11/2011",1095,1677,2772
"26/11/2011",1249,1776,3025
"27/11/2011",808,2221,3029
"28/11/2011",253,3559,3812
"29/11/2011",96,2791,2887
"30/11/2011",187,3389,3576
"01/12/2011",182,3500,3682
"02/12/2011",268,3633,3901
"03/12/2011",705,2857,3562
"04/12/2011",633,2808,3441
"05/12/2011",233,3511,3744
"06/12/2011",126,2437,2563
"07/12/2011",50,648,698
"08/12/2011",150,3145,3295
"09/12/2011",259,3324,3583
"10/12/2011",502,2658,3160
"11/12/2011",376,2337,2713
"12/12/2011",143,3121,3264
"13/12/2011",154,3327,3481
"14/12/2011",178,3515,3693
"15/12/2011",180,3490,3670
"16/12/2011",178,3359,3537
"17/12/2011",275,2435,2710
"18/12/2011",220,2182,2402
"19/12/2011",259,3107,3366
"20/12/2011",216,3498,3714
"21/12/2011",107,2533,2640
"22/12/2011",227,2801,3028
"23/12/2011",163,2019,2182
"24/12/2011",154,840,994
"25/12/2011",303,439,742
"26/12/2011",429,864,1293
"27/12/2011",103,1049,1152
"28/12/2011",255,2020,2275
"29/12/2011",254,2149,2403
"30/12/2011",491,2476,2967
"31/12/2011",665,1792,2457
"01/01/2012",688,1572,2260
"02/01/2012",244,1693,1937
"03/01/2012",89,2130,2219
"04/01/2012",95,2262,2357
"05/01/2012",140,3111,3251
"06/01/2012",304,3750,4054
"07/01/2012",1074,3406,4480
"08/01/2012",601,2807,3408
"09/01/2012",106,2219,2325
"10/01/2012",173,3400,3573
"11/01/2012",92,2074,2166
"12/01/2012",270,3793,4063
"13/01/2012",173,3017,3190
"14/01/2012",333,2137,2470
"15/01/2012",283,2009,2292
"16/01/2012",217,2060,2277
"17/01/2012",125,2788,2913
"18/01/2012",109,3244,3353
"19/01/2012",131,3147,3278
"20/01/2012",114,3012,3126
"21/01/2012",67,1217,1284
"22/01/2012",196,1758,1954
"23/01/2012",145,2266,2411
"24/01/2012",439,3856,4295
"25/01/2012",467,3767,4234
"26/01/2012",243,3784,4027
"27/01/2012",269,3149,3418
"28/01/2012",776,3213,3989
"29/01/2012",557,2649,3206
"30/01/2012",126,3459,3585
"31/01/2012",324,4152,4476
"01/02/2012",304,4241,4545
"02/02/2012",190,3547,3737
"03/02/2012",310,3808,4118
"04/02/2012",383,2414,2797
"05/02/2012",317,2596,2913
"06/02/2012",206,3551,3757
"07/02/2012",200,4151,4351
"08/02/2012",107,2676,2783
"09/02/2012",161,3631,3792
"10/02/2012",225,3572,3797
"11/02/2012",192,1961,2153
"12/02/2012",73,1440,1513
"13/02/2012",94,3303,3397
"14/02/2012",131,3754,3885
"15/02/2012",141,3989,4130
"16/02/2012",74,2908,2982
"17/02/2012",349,3763,4112
"18/02/2012",1434,2836,4270
"19/02/2012",618,2051,2669
"20/02/2012",502,2589,3091
"21/02/2012",163,3586,3749
"22/02/2012",393,4343,4736
"23/02/2012",516,4499,5015
"24/02/2012",246,3213,3459
"25/02/2012",317,2372,2689
"26/02/2012",515,2845,3360
"27/02/2012",253,4033,4286
"28/02/2012",229,4104,4333
"29/02/2012",65,1750,1815
"01/03/2012",324,4611,4935
"02/03/2012",245,2909,3154
"03/03/2012",955,3065,4020
"04/03/2012",710,2668,3378
"05/03/2012",203,3105,3308
"06/03/2012",220,3705,3925
"07/03/2012",432,4442,4874
"08/03/2012",485,4839,5324
"09/03/2012",447,4078,4525
"10/03/2012",968,3104,4072
"11/03/2012",1658,3207,4865
"12/03/2012",838,4413,5251
"13/03/2012",762,5026,5788
"14/03/2012",998,5252,6250
"15/03/2012",1005,5124,6129
"16/03/2012",548,3782,4330
"17/03/2012",3154,4601,7755
"18/03/2012",2206,3626,5832
"19/03/2012",982,5119,6101
"20/03/2012",1051,4990,6041
"21/03/2012",1120,5049,6169
"22/03/2012",1334,5477,6811
"23/03/2012",2468,5796,8264
"24/03/2012",1033,2304,3337
"25/03/2012",1532,3405,4937
"26/03/2012",798,4713,5511
"27/03/2012",531,4516,5047
"28/03/2012",674,4965,5639
"29/03/2012",834,5221,6055
"30/03/2012",791,4620,5411
"31/03/2012",2299,3873,6172
"01/04/2012",2347,3632,5979
"02/04/2012",1209,4672,5881
"03/04/2012",1348,5357,6705
"04/04/2012",1059,5324,6383
"05/04/2012",1192,5196,6388
"06/04/2012",1808,4603,6411
"07/04/2012",3255,3551,6806
"08/04/2012",2232,2895,5127
"09/04/2012",905,4639,5544
"10/04/2012",819,5048,5867
"11/04/2012",482,4336,4818
"12/04/2012",663,4689,5352
"13/04/2012",1252,5080,6332
"14/04/2012",2792,4575,7367
"15/04/2012",2844,4211,7055
"16/04/2012",1197,5106,6303
"17/04/2012",988,5631,6619
"18/04/2012",347,3987,4334
"19/04/2012",845,5641,6486
"20/04/2012",1341,5861,7202
"21/04/2012",2540,4000,6540
"22/04/2012",120,880,1000
"23/04/2012",194,2964,3158
"24/04/2012",515,5049,5564
"25/04/2012",655,5482,6137
"26/04/2012",475,4514,4989
"27/04/2012",1013,5168,6181
"28/04/2012",1120,3056,4176
"29/04/2012",2230,4013,6243
"30/04/2012",667,4861,5528
"01/05/2012",653,5040,5693
"02/05/2012",667,5435,6102
"03/05/2012",764,5594,6358
"04/05/2012",1069,5145,6214
"05/05/2012",2498,4324,6822
"06/05/2012",2138,4152,6290
"07/05/2012",1007,5202,6209
"08/05/2012",737,4952,5689
"09/05/2012",620,4054,4674
"10/05/2012",1027,5473,6500
"11/05/2012",1317,5626,6943
"12/05/2012",2623,4711,7334
"13/05/2012",2171,3893,6064
"14/05/2012",341,2478,2819
"15/05/2012",624,4449,5073
"16/05/2012",990,6265,7255
"17/05/2012",1241,6046,7287
"18/05/2012",1521,6035,7556
"19/05/2012",3408,4791,8199
"20/05/2012",2702,4340,7042
"21/05/2012",630,3687,4317
"22/05/2012",819,5173,5992
"23/05/2012",765,4434,5199
"24/05/2012",1058,5647,6705
"25/05/2012",1417,5251,6668
"26/05/2012",2854,3617,6471
"27/05/2012",3284,3251,6535
"28/05/2012",2558,3433,5991
"29/05/2012",878,4808,5686
"30/05/2012",745,6024,6769
"31/05/2012",1098,6164,7262
"01/06/2012",530,3548,4078
"02/06/2012",2793,5232,8025
"03/06/2012",2494,5055,7549
"04/06/2012",1070,5835,6905
"05/06/2012",967,5974,6941
"06/06/2012",1026,5956,6982
"07/06/2012",1038,6372,7410
"08/06/2012",1487,6168,7655
"09/06/2012",2706,4715,7421
"10/06/2012",2223,4309,6532
"11/06/2012",1013,5577,6590
"12/06/2012",477,4439,4916
"13/06/2012",1171,6182,7353
"14/06/2012",1178,6121,7299
"15/06/2012",1563,6018,7581
"16/06/2012",2962,4668,7630
"17/06/2012",2636,4270,6906
"18/06/2012",650,4401,5051
"19/06/2012",966,5790,6756
"20/06/2012",869,5268,6137
"21/06/2012",775,5050,5825
"22/06/2012",961,4798,5759
"23/06/2012",2653,4720,7373
"24/06/2012",2552,4271,6823
"25/06/2012",1138,5568,6706
"26/06/2012",1077,6285,7362
"27/06/2012",1077,6176,7253
"28/06/2012",921,5877,6798
"29/06/2012",829,4566,5395
"30/06/2012",1454,4170,5624
"01/07/2012",1422,4032,5454
"02/07/2012",903,5255,6158
"03/07/2012",1051,5531,6582
"04/07/2012",2561,4753,7314
"05/07/2012",1404,4795,6199
"06/07/2012",1366,4774,6140
"07/07/2012",1447,3342,4789
"08/07/2012",1202,3412,4614
"09/07/2012",998,5512,6510
"10/07/2012",954,5286,6240
"11/07/2012",975,6217,7192
"12/07/2012",1032,6343,7375
"13/07/2012",1511,5912,7423
"14/07/2012",2355,4536,6891
"15/07/2012",1921,4031,5952
"16/07/2012",1089,5678,6767
"17/07/2012",921,5796,6717
"18/07/2012",799,4868,5667
"19/07/2012",887,5659,6546
"20/07/2012",747,5071,5818
"21/07/2012",1264,3152,4416
"22/07/2012",2544,4794,7338
"23/07/2012",1135,5750,6885
"24/07/2012",1140,6388,7528
"25/07/2012",1383,6708,8091
"26/07/2012",1036,5771,6807
"27/07/2012",1259,5581,6840
"28/07/2012",2234,4374,6608
"29/07/2012",2153,4371,6524
"30/07/2012",1038,5996,7034
"31/07/2012",968,6169,7137
"01/08/2012",1074,6437,7511
"02/08/2012",983,6180,7163
"03/08/2012",1327,5762,7089
"04/08/2012",2345,4392,6737
"05/08/2012",1707,3688,5395
"06/08/2012",1233,5676,6909
"07/08/2012",1277,5924,7201
"08/08/2012",1260,6176,7436
"09/08/2012",1196,5993,7189
"10/08/2012",1065,4653,5718
"11/08/2012",2247,3985,6232
"12/08/2012",2182,4277,6459
"13/08/2012",1207,5592,6799
"14/08/2012",1128,5562,6690
"15/08/2012",1198,6065,7263
"16/08/2012",1338,6186,7524
"17/08/2012",1483,5603,7086
"18/08/2012",2827,4946,7773
"19/08/2012",1208,3287,4495
"20/08/2012",1026,5453,6479
"21/08/2012",1081,5860,6941
"22/08/2012",1094,6211,7305
"23/08/2012",1362,6330,7692
"24/08/2012",1324,6189,7513
"25/08/2012",1829,4143,5972
"26/08/2012",1483,3696,5179
"27/08/2012",989,5826,6815
"28/08/2012",935,6048,6983
"29/08/2012",1177,6459,7636
"30/08/2012",1172,6461,7633
"31/08/2012",1433,5843,7276
"01/09/2012",2350,3731,6081
"02/09/2012",2612,3137,5749
"03/09/2012",1965,3992,5957
"04/09/2012",867,5920,6787
"05/09/2012",832,6222,7054
"06/09/2012",611,5524,6135
"07/09/2012",1044,6366,7410
"08/09/2012",1558,4348,5906
"09/09/2012",2570,5549,8119
"10/09/2012",1118,6319,7437
"11/09/2012",1069,6626,7695
"12/09/2012",1050,6750,7800
"13/09/2012",1054,6688,7742
"14/09/2012",1379,6543,7922
"15/09/2012",3161,5462,8623
"16/09/2012",2166,5085,7251
"17/09/2012",1022,5753,6775
"18/09/2012",371,3658,4029
"19/09/2012",787,6731,7518
"20/09/2012",939,6720,7659
"21/09/2012",1250,6826,8076
"22/09/2012",2511,5805,8316
"23/09/2012",2454,5372,7826
"24/09/2012",1001,6339,7340
"25/09/2012",845,6622,7467
"26/09/2012",787,6874,7661
"27/09/2012",751,6560,7311
"28/09/2012",1045,6291,7336
"29/09/2012",2589,5881,8470
"30/09/2012",2015,4797,6812
"01/10/2012",763,5936,6699
"02/10/2012",315,4272,4587
"03/10/2012",727,6769,7496
"04/10/2012",891,6384,7275
"05/10/2012",1516,6547,8063
"06/10/2012",3030,4859,7889
"07/10/2012",780,2683,3463
"08/10/2012",874,4548,5422
"09/10/2012",601,5736,6337
"10/10/2012",780,6832,7612
"11/10/2012",833,6676,7509
"12/10/2012",1059,6148,7207
"13/10/2012",2252,4788,7040
"14/10/2012",2078,4481,6559
"15/10/2012",760,5066,5826
"16/10/2012",921,6540,7461
"17/10/2012",979,6420,7399
"18/10/2012",1008,6436,7444
"19/10/2012",753,4605,5358
"20/10/2012",2804,5214,8018
"21/10/2012",2131,4628,6759
"22/10/2012",830,6166,6996
"23/10/2012",839,6558,7397
"24/10/2012",795,6835,7630
"25/10/2012",874,6423,7297
"26/10/2012",1181,6185,7366
"27/10/2012",2641,5128,7769
"28/10/2012",998,3411,4409
"29/10/2012",2,19,21
"30/10/2012",87,993,1080
"31/10/2012",419,5092,5511
"01/11/2012",464,5468,5932
"02/11/2012",617,5178,5795
"03/11/2012",1029,4058,5087
"04/11/2012",1201,3858,5059
"05/11/2012",378,4829,5207
"06/11/2012",466,5173,5639
"07/11/2012",326,4668,4994
"08/11/2012",340,4934,5274
"09/11/2012",709,5237,5946
"10/11/2012",2088,4390,6478
"11/11/2012",2290,4487,6777
"12/11/2012",1098,5120,6218
"13/11/2012",327,3733,4060
"14/11/2012",373,5064,5437
"15/11/2012",320,5074,5394
"16/11/2012",484,5158,5642
"17/11/2012",1313,4269,5582
"18/11/2012",922,3715,4637
"19/11/2012",449,5004,5453
"20/11/2012",534,5049,5583
"21/11/2012",615,4486,5101
"22/11/2012",954,1439,2393
"23/11/2012",1602,2262,3864
"24/11/2012",532,1727,2259
"25/11/2012",309,2093,2402
"26/11/2012",337,4703,5040
"27/11/2012",123,3807,3930
"28/11/2012",198,5047,5245
"29/11/2012",243,5036,5279
"30/11/2012",362,5255,5617
"01/12/2012",949,4187,5136
"02/12/2012",890,3710,4600
"03/12/2012",555,5628,6183
"04/12/2012",551,6011,6562
"05/12/2012",331,5334,5665
"06/12/2012",340,5005,5345
"07/12/2012",349,4613,4962
"08/12/2012",1154,4372,5526
"09/12/2012",441,2757,3198
"10/12/2012",329,4798,5127
"11/12/2012",282,5174,5456
"12/12/2012",309,4970,5279
"13/12/2012",425,5057,5482
"14/12/2012",429,5132,5561
"15/12/2012",766,4215,4981
"16/12/2012",538,3205,3743
"17/12/2012",212,4338,4550
"18/12/2012",433,5080,5513
"19/12/2012",333,4901,5234
"20/12/2012",314,3783,4097
"21/12/2012",221,3363,3584
"22/12/2012",205,1528,1733
"23/12/2012",408,1359,1767
"24/12/2012",174,735,909
"25/12/2012",440,564,1004
"26/12/2012",9,426,435
"27/12/2012",247,1849,2096
"28/12/2012",644,2424,3068
"29/12/2012",158,1170,1328
"30/12/2012",364,1416,1780
"31/12/2012",439,2272,2711
"01/01/2013",421,1543,1964
"02/01/2013",284,3389,3673
"03/01/2013",297,3547,3844
"04/01/2013",297,3781,4078
"05/01/2013",509,3007,3516
"06/01/2013",585,3166,3751
"07/01/2013",332,4409,4741
"08/01/2013",442,4832,5274
"09/01/2013",356,4754,5110
"10/01/2013",359,5023,5382
"11/01/2013",254,3840,4094
"12/01/2013",1239,4334,5573
"13/01/2013",834,3280,4114
"14/01/2013",444,4579,5023
"15/01/2013",224,2673,2897
"16/01/2013",197,3280,3477
"17/01/2013",361,4408,4769
"18/01/2013",340,4132,4472
"19/01/2013",1199,3719,4918
"20/01/2013",1656,4043,5699
"21/01/2013",1026,3500,4526
"22/01/2013",89,2842,2931
"23/01/2013",69,3115,3184
"24/01/2013",20,2405,2425
"25/01/2013",44,2310,2354
"26/01/2013",179,2560,2739
"27/01/2013",263,2726,2989
"28/01/2013",65,2647,2712
"29/01/2013",321,5470,5791
"30/01/2013",182,4460,4642
"31/01/2013",120,4205,4325
"01/02/2013",84,3077,3161
"02/02/2013",233,2217,2450
"03/02/2013",185,2370,2555
"04/02/2013",122,3797,3919
"05/02/2013",151,4427,4578
"06/02/2013",179,4692,4871
"07/02/2013",175,4263,4438
"08/02/2013",146,3205,3351
"09/02/2013",424,3004,3428
"10/02/2013",501,3075,3576
"11/02/2013",151,4071,4222
"12/02/2013",281,5342,5623
"13/02/2013",171,3362,3533
"14/02/2013",355,4762,5117
"15/02/2013",683,4632,5315
"16/02/2013",679,2526,3205
"17/02/2013",483,2004,2487
"18/02/2013",534,2786,3320
"19/02/2013",163,3769,3932
"20/02/2013",190,4162,4352
"21/02/2013",187,3922,4109
"22/02/2013",123,3403,3526
"23/02/2013",211,2336,2547
"24/02/2013",846,3479,4325
"25/02/2013",331,4617,4948
"26/02/2013",149,2593,2742
"27/02/2013",363,5025,5388
"28/02/2013",296,4788,5084
"01/03/2013",329,4557,4886
"02/03/2013",674,3033,3707
"03/03/2013",475,2573,3048
"04/03/2013",311,4101,4412
"05/03/2013",444,4737,5181
"06/03/2013",79,1046,1125
"07/03/2013",315,4691,5006
"08/03/2013",410,4425,4835
"09/03/2013",2168,4600,6768
"10/03/2013",2328,4436,6764
"11/03/2013",1026,5013,6039
"12/03/2013",449,3796,4245
"13/03/2013",625,5068,5693
"14/03/2013",440,4386,4826
"15/03/2013",1201,5129,6330
"16/03/2013",1811,4357,6168
"17/03/2013",982,2960,3942
"18/03/2013",248,2499,2747
"19/03/2013",674,5268,5942
"20/03/2013",556,5250,5806
"21/03/2013",308,4200,4508
"22/03/2013",682,4725,5407
"23/03/2013",2473,4006,6479
"24/03/2013",1109,2748,3857
"25/03/2013",84,1828,1912
"26/03/2013",647,4936,5583
"27/03/2013",646,5154,5800
"28/03/2013",699,4884,5583
"29/03/2013",1968,5416,7384
"30/03/2013",5006,4592,9598
"31/03/2013",1401,2384,3785
"01/04/2013",1303,5065,6368
"02/04/2013",738,5164,5902
"03/04/2013",929,5297,6226
"04/04/2013",904,4925,5829
"05/04/2013",1559,6030,7589
"06/04/2013",4099,5172,9271
"07/04/2013",4428,5334,9762
"08/04/2013",1949,6517,8466
"09/04/2013",2138,7612,9750
"10/04/2013",1965,7588,9553
"11/04/2013",1886,7205,9091
"12/04/2013",1173,4824,5997
"13/04/2013",5375,5892,11267
"14/04/2013",4370,5234,9604
"15/04/2013",1289,5619,6908
"16/04/2013",1519,6728,8247
"17/04/2013",1363,7114,8477
"18/04/2013",1192,6494,7686
"19/04/2013",1082,5036,6118
"20/04/2013",3411,5382,8793
"21/04/2013",2510,4820,7330
"22/04/2013",779,5958,6737
"23/04/2013",946,6488,7434
"24/04/2013",1306,7154,8460
"25/04/2013",1350,6912,8262
"26/04/2013",1844,7152,8996
"27/04/2013",4947,5873,10820
"28/04/2013",3335,4516,7851
"29/04/2013",480,3809,4289
"30/04/2013",604,4755,5359
"01/05/2013",1197,7410,8607
"02/05/2013",1323,7167,8490
"03/05/2013",1774,6881,8655
"04/05/2013",3650,5822,9472
"05/05/2013",2931,5055,7986
"06/05/2013",1065,5440,6505
"07/05/2013",344,4075,4419
"08/05/2013",821,5765,6586
"09/05/2013",1122,6671,7793
"10/05/2013",1979,6891,8870
"11/05/2013",2099,4356,6455
"12/05/2013",3084,4926,8010
"13/05/2013",1064,6317,7381
"14/05/2013",1264,6797,8061
"15/05/2013",1321,7435,8756
"16/05/2013",1522,7373,8895
"17/05/2013",2544,7503,10047
"18/05/2013",1925,4408,6333
"19/05/2013",2077,4597,6674
"20/05/2013",1624,6759,8383
"21/05/2013",1648,7394,9042
"22/05/2013",1401,7494,8895
"23/05/2013",1288,6763,8051
"24/05/2013",1004,5623,6627
"25/05/2013",3621,4323,7944
"26/05/2013",5652,4236,9888
"27/05/2013",4452,4514,8966
"28/05/2013",1587,5964,7551
"29/05/2013",1736,7539,9275
"30/05/2013",1366,7374,8740
"31/05/2013",1835,7267,9102
"01/06/2013",3657,5800,9457
"02/06/2013",2997,4667,7664
"03/06/2013",1442,5951,7393
"04/06/2013",1852,8074,9926
"05/06/2013",1910,8076,9986
"06/06/2013",1223,5631,6854
"07/06/2013",242,2235,2477
"08/06/2013",3572,6186,9758
"09/06/2013",3433,5787,9220
"10/06/2013",713,3655,4368
"11/06/2013",1737,7456,9193
"12/06/2013",1585,7595,9180
"13/06/2013",1162,6097,7259
"14/06/2013",2209,7574,9783
"15/06/2013",4201,6245,10446
"16/06/2013",3533,5177,8710
"17/06/2013",1729,6884,8613
"18/06/2013",940,6200,7140
"19/06/2013",1802,8237,10039
"20/06/2013",1795,8352,10147
"21/06/2013",2367,7952,10319
"22/06/2013",4401,6398,10799
"23/06/2013",2404,4771,7175
"24/06/2013",1470,6572,8042
"25/06/2013",1559,7411,8970
"26/06/2013",1312,7080,8392
"27/06/2013",1302,7317,8619
"28/06/2013",1060,5187,6247
"29/06/2013",3973,6530,10503
"30/06/2013",2405,4682,7087
"01/07/2013",1372,6470,7842
"02/07/2013",1284,6537,7821
"03/07/2013",1603,6122,7725
"04/07/2013",5222,5520,10742
"05/07/2013",4785,5772,10557
"06/07/2013",4295,4607,8902
"07/07/2013",2490,4381,6871
"08/07/2013",1323,6747,8070
"09/07/2013",1197,7568,8765
"10/07/2013",1116,6997,8113
"11/07/2013",1385,7485,8870
"12/07/2013",1006,4719,5725
"13/07/2013",3223,6055,9278
"14/07/2013",2797,5593,8390
"15/07/2013",1343,6690,8033
"16/07/2013",1304,7098,8402
"17/07/2013",1341,7292,8633
"18/07/2013",1121,6704,7825
"19/07/2013",1512,6466,7978
"20/07/2013",3129,5494,8623
"21/07/2013",3132,5332,8464
"22/07/2013",1578,7100,8678
"23/07/2013",1513,7721,9234
"24/07/2013",1707,8053,9760
"25/07/2013",1908,8197,10105
"26/07/2013",2243,8019,10262
"27/07/2013",3173,5210,8383
"28/07/2013",2862,5276,8138
"29/07/2013",1915,7328,9243
"30/07/2013",1955,7923,9878
"31/07/2013",1468,7234,8702
"01/08/2013",1178,6577,7755
"02/08/2013",2358,7456,9814
"03/08/2013",3315,5135,8450
"04/08/2013",4317,6080,10397
"05/08/2013",2344,7709,10053
"06/08/2013",1547,6835,8382
"07/08/2013",1931,7788,9719
"08/08/2013",1538,7330,8868
"09/08/2013",2152,7309,9461
"10/08/2013",4129,5918,10047
"11/08/2013",3875,5610,9485
"12/08/2013",2154,7327,9481
"13/08/2013",1590,6713,8303
"14/08/2013",1997,8394,10391
"15/08/2013",2191,8438,10629
"16/08/2013",2794,7969,10763
"17/08/2013",4739,6303,11042
"18/08/2013",1749,4004,5753
"19/08/2013",1847,7121,8968
"20/08/2013",1725,7854,9579
"21/08/2013",1647,7493,9140
"22/08/2013",1862,7681,9543
"23/08/2013",1158,6467,7625
"24/08/2013",3782,7062,10844
"25/08/2013",3327,6154,9481
"26/08/2013",1687,7582,9269
"27/08/2013",1538,7968,9506
"28/08/2013",993,6643,7636
"29/08/2013",1646,7697,9343
"30/08/2013",2306,7355,9661
"31/08/2013",4365,5038,9403
"01/09/2013",4698,4518,9216
"02/09/2013",3201,4824,8025
"03/09/2013",1375,7435,8810
"04/09/2013",1532,8202,9734
"05/09/2013",1575,8343,9918
"06/09/2013",1814,8327,10141
"07/09/2013",3211,6907,10118
"08/09/2013",3033,6367,9400
"09/09/2013",1381,7675,9056
"10/09/2013",1435,7995,9430
"11/09/2013",1271,7904,9175
"12/09/2013",946,6035,6981
"13/09/2013",1589,8342,9931
"14/09/2013",3943,7188,11131
"15/09/2013",3201,6547,9748
"16/09/2013",1084,7184,8268
"17/09/2013",1269,8567,9836
"18/09/2013",1298,8654,9952
"19/09/2013",1637,8723,10360
"20/09/2013",1909,8636,10545
"21/09/2013",2149,4691,6840
"22/09/2013",2749,6590,9339
"23/09/2013",1272,7709,8981
"24/09/2013",1144,8345,9489
"25/09/2013",1169,8355,9524
"26/09/2013",1293,8495,9788
"27/09/2013",1634,8224,9858
"28/09/2013",3502,6555,10057
"29/09/2013",3080,6171,9251
"30/09/2013",1338,7694,9032
"01/10/2013",1339,8916,10255
"02/10/2013",1289,8960,10249
"03/10/2013",1248,8811,10059
"04/10/2013",1667,8491,10158
"05/10/2013",3401,7055,10456
"06/10/2013",2992,6658,9650
"07/10/2013",420,5377,5797
"08/10/2013",1278,8551,9829
"09/10/2013",757,5603,6360
"10/10/2013",180,2311,2491
"11/10/2013",117,1658,1775
"12/10/2013",1299,3892,5191
"13/10/2013",1523,4415,5938
"14/10/2013",1830,6988,8818
"15/10/2013",1031,8241,9272
"16/10/2013",1113,8516,9629
"17/10/2013",1049,8419,9468
"18/10/2013",1870,8386,10256
"19/10/2013",3190,6119,9309
"20/10/2013",2541,5952,8493
"21/10/2013",1331,7625,8956
"22/10/2013",736,8254,8990
"23/10/2013",616,7268,7884
"24/10/2013",591,7232,7823
"25/10/2013",913,6953,7866
"26/10/2013",2195,5711,7906
"27/10/2013",2380,5537,7917
"28/10/2013",1177,7338,8515
"29/10/2013",963,7986,8949
"30/10/2013",806,7249,8055
"31/10/2013",723,7612,8335
"01/11/2013",921,7125,8046
"02/11/2013",2866,6507,9373
"03/11/2013",2115,5537,7652
"04/11/2013",554,6300,6854
"05/11/2013",670,7482,8152
"06/11/2013",797,7982,8779
"07/11/2013",485,7489,7974
"08/11/2013",727,6781,7508
"09/11/2013",2191,5350,7541
"10/11/2013",2067,5110,7177
"11/11/2013",972,6216,7188
"12/11/2013",262,5850,6112
"13/11/2013",280,6186,6466
"14/11/2013",378,6895,7273
"15/11/2013",782,6889,7671
"16/11/2013",1529,5275,6804
"17/11/2013",1446,5499,6945
"18/11/2013",707,7546,8253
"19/11/2013",426,7019,7445
"20/11/2013",452,6888,7340
"21/11/2013",471,7050,7521
"22/11/2013",719,7427,8146
"23/11/2013",1267,4867,6134
"24/11/2013",370,2823,3193
"25/11/2013",310,4950,5260
"26/11/2013",51,1822,1873
"27/11/2013",44,2196,2240
"28/11/2013",388,1186,1574
"29/11/2013",722,2196,2918
"30/11/2013",784,2219,3003
"01/12/2013",662,3008,3670
"02/12/2013",284,6030,6314
"03/12/2013",416,7032,7448
"04/12/2013",437,7114,7551
"05/12/2013",582,7560,8142
"06/12/2013",145,2799,2944
"07/12/2013",593,4285,4878
"08/12/2013",88,1269,1357
"09/12/2013",67,3379,3446
"10/12/2013",99,2597,2696
"11/12/2013",224,5246,5470
"12/12/2013",158,4926,5084
"13/12/2013",246,5378,5624
"14/12/2013",253,2541,2794
"15/12/2013",539,3762,4301
"16/12/2013",239,5373,5612
"17/12/2013",202,5148,5350
"18/12/2013",292,5480,5772
"19/12/2013",481,6172,6653
"20/12/2013",580,5931,6511
"21/12/2013",1838,4592,6430
"22/12/2013",660,2170,2830
"23/12/2013",159,1843,2002
"24/12/2013",276,2069,2345
"25/12/2013",354,647,1001
"26/12/2013",425,2021,2446
"27/12/2013",800,2784,3584
"28/12/2013",1936,2485,4421
"29/12/2013",287,1154,1441
"30/12/2013",674,3682,4356
"31/12/2013",531,3595,4126
"01/01/2014",730,2281,3011
"02/01/2014",288,3028,3316
"03/01/2014",75,1533,1608
"04/01/2014",158,2084,2242
"05/01/2014",135,1925,2060
"06/01/2014",123,3384,3507
"07/01/2014",29,2253,2282
"08/01/2014",75,3780,3855
"09/01/2014",190,4758,4948
"10/01/2014",81,1762,1843
"11/01/2014",97,1858,1955
"12/01/2014",999,4414,5413
"13/01/2014",732,6129,6861
"14/01/2014",345,4714,5059
"15/01/2014",516,5943,6459
"16/01/2014",385,5631,6016
"17/01/2014",532,5606,6138
"18/01/2014",410,2889,3299
"19/01/2014",720,3379,4099
"20/01/2014",880,4436,5316
"21/01/2014",45,1702,1747
"22/01/2014",13,1413,1426
"23/01/2014",34,2392,2426
"24/01/2014",40,2583,2623
"25/01/2014",93,2166,2259
"26/01/2014",130,2424,2554
"27/01/2014",69,4415,4484
"28/01/2014",39,3090,3129
"29/01/2014",58,3102,3160
"30/01/2014",68,4110,4178
"31/01/2014",239,5185,5424
"01/02/2014",767,4575,5342
"02/02/2014",836,4587,5423
"03/02/2014",61,2401,2462
"04/02/2014",130,5047,5177
"05/02/2014",116,3630,3746
"06/02/2014",150,5026,5176
"07/02/2014",220,5174,5394
"08/02/2014",390,3647,4037
"09/02/2014",212,2908,3120
"10/02/2014",127,4304,4431
"11/02/2014",181,4566,4747
"12/02/2014",84,3861,3945
"13/02/2014",3,49,52
"14/02/2014",73,1838,1911
"15/02/2014",139,1609,1748
"16/02/2014",384,2454,2838
"17/02/2014",330,2981,3311
"18/02/2014",269,4817,5086
"19/02/2014",244,5378,5622
"20/02/2014",429,6148,6577
"21/02/2014",346,5437,5783
"22/02/2014",1953,5864,7817
"23/02/2014",841,5224,6065
"24/02/2014",295,5101,5396
"25/02/2014",157,4404,4561
"26/02/2014",102,3819,3921
"27/02/2014",159,4723,4882
"28/02/2014",173,3920,4093
"01/03/2014",806,3754,4560
"02/03/2014",540,2953,3493
"03/03/2014",16,402,418
"04/03/2014",62,2182,2244
"05/03/2014",237,4275,4512
"06/03/2014",240,4592,4832
"07/03/2014",256,4808,5064
"08/03/2014",2810,5606,8416
"09/03/2014",1488,4428,5916
"10/03/2014",844,5941,6785
"11/03/2014",1306,7054,8360
"12/03/2014",702,5527,6229
"13/03/2014",212,3772,3984
"14/03/2014",1119,5830,6949
"15/03/2014",3753,6591,10344
"16/03/2014",1262,3551,4813
"17/03/2014",61,1218,1279
"18/03/2014",219,4439,4658
"19/03/2014",112,3642,3754
"20/03/2014",797,6717,7514
"21/03/2014",1007,6670,7677
"22/03/2014",4709,6138,10847
"23/03/2014",1184,4129,5313
"24/03/2014",519,4822,5341
"25/03/2014",105,2987,3092
"26/03/2014",248,4685,4933
"27/03/2014",621,5828,6449
"28/03/2014",896,5774,6670
"29/03/2014",287,1975,2262
"30/03/2014",58,838,896
"31/03/2014",1392,6766,8158
"01/04/2014",1507,7864,9371
"02/04/2014",1328,7558,8886
"03/04/2014",1432,7675,9107
"04/04/2014",1505,7372,8877
"05/04/2014",4624,6130,10754
"06/04/2014",3676,6141,9817
"07/04/2014",148,2653,2801
"08/04/2014",1097,7752,8849
"09/04/2014",1484,8388,9872
"10/04/2014",2347,8894,11241
"11/04/2014",2982,8450,11432
"12/04/2014",7918,7646,15564
"13/04/2014",7450,6969,14419
"14/04/2014",3082,7492,10574
"15/04/2014",190,1626,1816
"16/04/2014",1356,6415,7771
"17/04/2014",1515,7109,8624
"18/04/2014",2323,7018,9341
"19/04/2014",5910,6016,11926
"20/04/2014",4095,5418,9513
"21/04/2014",2029,7641,9670
"22/04/2014",1263,7845,9108
"23/04/2014",1201,7724,8925
"24/04/2014",1608,8196,9804
"25/04/2014",1548,6026,7574
"26/04/2014",4959,6551,11510
"27/04/2014",4496,6545,11041
"28/04/2014",1253,5162,6415
"29/04/2014",208,2907,3115
"30/04/2014",57,1736,1793
"01/05/2014",1272,8306,9578
"02/05/2014",1880,8453,10333
"03/05/2014",4209,6973,11182
"04/05/2014",3810,6702,10512
"05/05/2014",1398,6689,8087
"06/05/2014",1744,8659,10403
"07/05/2014",929,7633,8562
"08/05/2014",1559,8844,10403
"09/05/2014",2007,8402,10409
"10/05/2014",2588,5643,8231
"11/05/2014",4122,6847,10969
"12/05/2014",1736,7698,9434
"13/05/2014",1659,8271,9930
"14/05/2014",1533,8188,9721
"15/05/2014",1517,7883,9400
"16/05/2014",1548,6485,8033
"17/05/2014",4251,6952,11203
"18/05/2014",3609,6598,10207
"19/05/2014",2139,8294,10433
"20/05/2014",2067,8780,10847
"21/05/2014",1301,7202,8503
"22/05/2014",1845,8481,10326
"23/05/2014",2177,8222,10399
"24/05/2014",5142,5383,10525
"25/05/2014",6742,5343,12085
"26/05/2014",5030,5659,10689
"27/05/2014",1632,6589,8221
"28/05/2014",1497,8425,9922
"29/05/2014",548,4759,5307
"30/05/2014",2014,8791,10805
"31/05/2014",4526,7548,12074
"01/06/2014",3785,7147,10932
"02/06/2014",1863,8492,10355
"03/06/2014",1617,8750,10367
"04/06/2014",1509,8657,10166
"05/06/2014",1518,9219,10737
"06/06/2014",2183,9626,11809
"07/06/2014",4275,7565,11840
"08/06/2014",3843,6745,10588
"09/06/2014",2004,8492,10496
"10/06/2014",1470,8078,9548
"11/06/2014",1213,7399,8612
"12/06/2014",1167,8043,9210
"13/06/2014",1522,7935,9457
"14/06/2014",4318,7576,11894
"15/06/2014",3981,7055,11036
"16/06/2014",1923,8509,10432
"17/06/2014",1723,8783,10506
"18/06/2014",1536,8455,9991
"19/06/2014",1717,8707,10424
"20/06/2014",2443,9191,11634
"21/06/2014",3639,6167,9806
"22/06/2014",3812,7016,10828
"23/06/2014",2214,8624,10838
"24/06/2014",1958,9211,11169
"25/06/2014",1705,8490,10195
"26/06/2014",1737,9228,10965
"27/06/2014",2274,8365,10639
"28/06/2014",3934,6916,10850
"29/06/2014",4119,6659,10778
"30/06/2014",2069,8402,10471
"01/07/2014",1898,8604,10502
"02/07/2014",1691,7874,9565
"03/07/2014",1925,6673,8598
"04/07/2014",5997,5900,11897
"05/07/2014",7096,5730,12826
"06/07/2014",4972,5954,10926
"07/07/2014",2111,7942,10053
"08/07/2014",1383,7160,8543
"09/07/2014",1516,7283,8799
"10/07/2014",1543,7146,8689
"11/07/2014",2546,8683,11229
"12/07/2014",4894,6618,11512
"13/07/2014",3471,5870,9341
"14/07/2014",1885,6654,8539
"15/07/2014",1374,6478,7852
"16/07/2014",2282,9026,11308
"17/07/2014",2589,9021,11610
"18/07/2014",3126,8531,11657
"19/07/2014",5247,6517,11764
"20/07/2014",4664,6141,10805
"21/07/2014",2852,8177,11029
"22/07/2014",2612,8580,11192
"23/07/2014",2191,8030,10221
"24/07/2014",2398,8292,10690
"25/07/2014",3619,8692,12311
"26/07/2014",5559,6424,11983
"27/07/2014",4158,5847,10005
"28/07/2014",2621,8067,10688
"29/07/2014",2570,8788,11358
"30/07/2014",2477,8882,11359
"31/07/2014",2496,8486,10982
"01/08/2014",2210,7641,9851
"02/08/2014",5216,5621,10837
"03/08/2014",3925,5899,9824
"04/08/2014",2939,7948,10887
"05/08/2014",2546,8170,10716
"06/08/2014",2603,8348,10951
"07/08/2014",2579,8484,11063
"08/08/2014",3326,7948,11274
"09/08/2014",4724,5632,10356
"10/08/2014",4958,5721,10679
"11/08/2014",2776,6836,9612
"12/08/2014",880,5090,5970
"13/08/2014",2532,8350,10882
"14/08/2014",2660,8346,11006
"15/08/2014",3481,8461,11942
"16/08/2014",5827,6424,12251
"17/08/2014",4385,6203,10588
"18/08/2014",2514,8200,10714
"19/08/2014",1865,8665,10530
"20/08/2014",1928,7222,9150
"21/08/2014",2019,7716,9735
"22/08/2014",2205,8039,10244
"23/08/2014",2045,4386,6431
"24/08/2014",3841,6951,10792
"25/08/2014",2145,8599,10744
"26/08/2014",1921,8953,10874
"27/08/2014",2078,9060,11138
"28/08/2014",2016,9045,11061
"29/08/2014",2847,8765,11612
"30/08/2014",4945,5269,10214
"31/08/2014",4547,4393,8940
"01/09/2014",3306,4997,8303
"02/09/2014",1403,7220,8623
"03/09/2014",1417,8995,10412
"04/09/2014",1561,9269,10830
"05/09/2014",1859,9147,11006
"06/09/2014",2781,6534,9315
"07/09/2014",3622,7607,11229
"08/09/2014",1728,8649,10377
"09/09/2014",1471,9507,10978
"10/09/2014",1403,9830,11233
"11/09/2014",1325,9672,10997
"12/09/2014",2193,9986,12179
"13/09/2014",2147,6060,8207
"14/09/2014",4086,7825,11911
"15/09/2014",1861,9487,11348
"16/09/2014",1905,10229,12134
"17/09/2014",1693,9940,11633
"18/09/2014",1447,10060,11507
"19/09/2014",2019,9836,11855
"20/09/2014",4472,8205,12677
"21/09/2014",3421,7316,10737
"22/09/2014",1563,9439,11002
"23/09/2014",1367,10225,11592
"24/09/2014",1112,8197,9309
"25/09/2014",518,6127,6645
"26/09/2014",2251,9880,12131
"27/09/2014",4422,8204,12626
"28/09/2014",3605,7299,10904
"29/09/2014",1587,9040,10627
"30/09/2014",1416,10192,11608
"01/10/2014",1229,9321,10550
"02/10/2014",1504,10192,11696
"03/10/2014",1688,9215,10903
"04/10/2014",3370,7272,10642
"05/10/2014",2809,6838,9647
"06/10/2014",1655,9000,10655
"07/10/2014",1122,8342,9464
"08/10/2014",1435,9826,11261
"09/10/2014",1614,9616,11230
"10/10/2014",1304,6840,8144
"11/10/2014",1572,4125,5697
"12/10/2014",3492,5927,9419
"13/10/2014",1080,5531,6611
"14/10/2014",1560,9340,10900
"15/10/2014",444,5656,6100
"16/10/2014",1180,8896,10076
"17/10/2014",2659,9281,11940
"18/10/2014",3938,6910,10848
"19/10/2014",2273,5848,8121
"20/10/2014",1202,8224,9426
"21/10/2014",745,6722,7467
"22/10/2014",240,4146,4386
"23/10/2014",1055,8699,9754
"24/10/2014",1716,8737,10453
"25/10/2014",3828,7354,11182
"26/10/2014",3307,6946,10253
"27/10/2014",1577,8961,10538
"28/10/2014",1419,10163,11582
"29/10/2014",771,8625,9396
"30/10/2014",887,9158,10045
"31/10/2014",1131,8444,9575
"01/11/2014",1128,4936,6064
"02/11/2014",894,4749,5643
"03/11/2014",619,7944,8563
"04/11/2014",750,9059,9809
"05/11/2014",700,8418,9118
"06/11/2014",422,6884,7306
"07/11/2014",846,7844,8690
"08/11/2014",1772,5779,7551
"09/11/2014",2002,5824,7826
"10/11/2014",1175,8119,9294
"11/11/2014",1720,9052,10772
"12/11/2014",779,8760,9539
"13/11/2014",485,6639,7124
"14/11/2014",479,6539,7018
"15/11/2014",1217,4721,5938
"16/11/2014",862,3875,4737
"17/11/2014",169,3914,4083
"18/11/2014",271,5257,5528
"19/11/2014",194,5788,5982
"20/11/2014",311,6923,7234
"21/11/2014",413,5932,6345
"22/11/2014",908,4653,5561
"23/11/2014",1107,4453,5560
"24/11/2014",1070,8072,9142
"25/11/2014",888,7239,8127
"26/11/2014",53,1371,1424
"27/11/2014",431,1412,1843
"28/11/2014",520,2089,2609
"29/11/2014",1010,2641,3651
"30/11/2014",973,3993,4966
"01/12/2014",460,5854,6314
"02/12/2014",57,2596,2653
"03/12/2014",223,6630,6853
"04/12/2014",346,6986,7332
"05/12/2014",279,5707,5986
"06/12/2014",287,2390,2677
"07/12/2014",703,4550,5253
"08/12/2014",263,5763,6026
"09/12/2014",75,3215,3290
"10/12/2014",261,6436,6697
"11/12/2014",293,6027,6320
"12/12/2014",446,6314,6760
"13/12/2014",738,4885,5623
"14/12/2014",754,4493,5247
"15/12/2014",554,7084,7638
"16/12/2014",212,5735,5947
"17/12/2014",495,6874,7369
"18/12/2014",241,6072,6313
"19/12/2014",308,5559,5867
"20/12/2014",442,3405,3847
"21/12/2014",622,2930,3552
"22/12/2014",155,2808,2963
"23/12/2014",224,3496,3720
"24/12/2014",57,1155,1212
"25/12/2014",779,856,1635
"26/12/2014",1170,1741,2911
"27/12/2014",2151,2030,4181
"28/12/2014",1126,1735,2861
"29/12/2014",1175,3967,5142
"30/12/2014",801,4361,5162
"31/12/2014",549,3660,4209
"01/01/2015",559,2019,2578
"02/01/2015",938,4170,5108
"03/01/2015",217,1486,1703
"04/01/2015",502,3156,3658
"05/01/2015",293,4929,5222
"06/01/2015",45,2015,2060
"07/01/2015",65,2970,3035
"08/01/2015",40,2912,2952
"09/01/2015",87,4127,4214
"10/01/2015",159,2514,2673
"11/01/2015",363,3088,3451
"12/01/2015",83,2072,2155
"13/01/2015",246,5227,5473
"14/01/2015",205,4350,4555
"15/01/2015",272,5502,5774
"16/01/2015",263,5420,5683
"17/01/2015",693,3524,4217
"18/01/2015",277,2246,2523
"19/01/2015",618,4016,4634
"20/01/2015",202,6061,6263
"21/01/2015",121,5229,5350
"22/01/2015",309,6060,6369
"23/01/2015",268,4465,4733
"24/01/2015",231,3241,3472
"25/01/2015",657,4502,5159
"26/01/2015",34,2395,2429
"27/01/2015",72,3995,4067
"28/01/2015",103,4991,5094
"29/01/2015",95,4533,4628
"30/01/2015",131,4717,4848
"31/01/2015",321,3010,3331
"01/02/2015",269,3318,3587
"02/02/2015",54,3827,3881
"03/02/2015",6,5111,5117
"04/02/2015",39,6035,6074
"05/02/2015",153,4833,4986
"06/02/2015",176,4751,4927
"07/02/2015",737,4188,4925
"08/02/2015",1554,5093,6647
"09/02/2015",164,4775,4939
"10/02/2015",204,5463,5667
"11/02/2015",416,6176,6592
"12/02/2015",223,5216,5439
"13/02/2015",165,3845,4010
"14/02/2015",481,2452,2933
"15/02/2015",71,970,1041
"16/02/2015",96,1219,1315
"17/02/2015",35,1143,1178
"18/02/2015",43,3100,3143
"19/02/2015",57,2625,2682
"20/02/2015",61,2423,2484
"21/02/2015",22,719,741
"22/02/2015",141,1848,1989
"23/02/2015",79,3518,3597
"24/02/2015",59,3812,3871
"25/02/2015",118,4832,4950
"26/02/2015",103,3372,3475
"27/02/2015",186,4454,4640
"28/02/2015",396,2826,3222
"01/03/2015",48,720,768
"02/03/2015",170,3897,4067
"03/03/2015",155,3676,3831
"04/03/2015",112,4029,4141
"05/03/2015",29,509,538
"06/03/2015",73,1855,1928
"07/03/2015",352,2830,3182
"08/03/2015",1273,4075,5348
"09/03/2015",1301,6641,7942
"10/03/2015",362,3579,3941
"11/03/2015",994,6706,7700
"12/03/2015",1709,7290,8999
"13/03/2015",1352,6556,7908
"14/03/2015",758,2789,3547
"15/03/2015",1929,4487,6416
"16/03/2015",1574,7207,8781
"17/03/2015",1414,7613,9027
"18/03/2015",772,6610,7382
"19/03/2015",1137,6907,8044
"20/03/2015",145,2760,2905
"21/03/2015",3227,5816,9043
"22/03/2015",2639,5314,7953
"23/03/2015",1403,6564,7967
"24/03/2015",956,6773,7729
"25/03/2015",663,6760,7423
"26/03/2015",1156,7380,8536
"27/03/2015",834,5168,6002
"28/03/2015",854,3719,4573
"29/03/2015",1606,4066,5672
"30/03/2015",1543,7409,8952
"31/03/2015",1232,6779,8011
"01/04/2015",1780,8097,9877
"02/04/2015",2608,8668,11276
"03/04/2015",1177,5251,6428
"04/04/2015",5102,5336,10438
"05/04/2015",5228,4959,10187
"06/04/2015",3617,9023,12640
"07/04/2015",2498,8619,11117
"08/04/2015",993,6448,7441
"09/04/2015",1053,6775,7828
"10/04/2015",2200,7198,9398
"11/04/2015",8614,8132,16746
"12/04/2015",7838,7914,15752
"13/04/2015",3186,9510,12696
"14/04/2015",293,3532,3825
"15/04/2015",1886,9243,11129
"16/04/2015",2012,9679,11691
"17/04/2015",3141,9409,12550
"18/04/2015",7748,8260,16008
"19/04/2015",4436,5819,10255
"20/04/2015",1769,7299,9068
"21/04/2015",2050,9594,11644
"22/04/2015",1513,9032,10545
"23/04/2015",1611,8496,10107
"24/04/2015",2199,8177,10376
"25/04/2015",2684,4508,7192
"26/04/2015",4014,6323,10337
"27/04/2015",1221,7648,8869
"28/04/2015",1688,9311,10999
"29/04/2015",1939,9725,11664
"30/04/2015",1511,8746,10257
"01/05/2015",1778,8578,10356
"02/05/2015",5110,7469,12579
"03/05/2015",4986,7120,12106
"04/05/2015",2609,9383,11992
"05/05/2015",1785,9315,11100
"06/05/2015",1825,9664,11489
"07/05/2015",2131,10191,12322
"08/05/2015",2925,10506,13431
"09/05/2015",5134,7717,12851
"10/05/2015",4545,6555,11100
"11/05/2015",2530,9609,12139
"12/05/2015",2265,9802,12067
"13/05/2015",1763,10017,11780
"14/05/2015",2546,10071,12617
"15/05/2015",3365,10286,13651
"16/05/2015",4454,6754,11208
"17/05/2015",3966,6976,10942
"18/05/2015",2358,8087,10445
"19/05/2015",2182,9886,12068
"20/05/2015",2521,10465,12986
"21/05/2015",517,6466,6983
"22/05/2015",3183,9348,12531
"23/05/2015",6652,6068,12720
"24/05/2015",7787,5792,13579
"25/05/2015",5870,6139,12009
"26/05/2015",2263,9091,11354
"27/05/2015",1676,9799,11475
"28/05/2015",2100,9538,11638
"29/05/2015",2417,9650,12067
"30/05/2015",5062,7610,12672
"31/05/2015",4046,6882,10928
"01/06/2015",1498,6608,8106
"02/06/2015",901,7154,8055
"03/06/2015",1121,8761,9882
"04/06/2015",847,5513,6360
"05/06/2015",2074,9008,11082
"06/06/2015",4674,8011,12685
"07/06/2015",4543,7132,11675
"08/06/2015",1838,8129,9967
"09/06/2015",1856,9916,11772
"10/06/2015",1572,10018,11590
"11/06/2015",2033,9821,11854
"12/06/2015",2109,8763,10872
"13/06/2015",4436,7332,11768
"14/06/2015",3265,6250,9515
"15/06/2015",1919,8068,9987
"16/06/2015",1866,9634,11500
"17/06/2015",1837,9338,11175
"18/06/2015",1530,8465,9995
"19/06/2015",2463,9561,12024
"20/06/2015",3448,5870,9318
"21/06/2015",2264,6520,8784
"22/06/2015",2191,9072,11263
"23/06/2015",1286,7904,9190
"24/06/2015",2212,10378,12590
"25/06/2015",2099,9032,11131
"26/06/2015",2963,10079,13042
"27/06/2015",683,2622,3305
"28/06/2015",4273,7348,11621
"29/06/2015",2713,9492,12205
"30/06/2015",2136,9844,11980
"01/07/2015",2308,8915,11223
"02/07/2015",2488,8769,11257
"03/07/2015",6429,6362,12791
"04/07/2015",5755,4533,10288
"05/07/2015",6211,5988,12199
"06/07/2015",2614,8288,10902
"07/07/2015",2393,9830,12223
"08/07/2015",1683,7812,9495
"09/07/2015",1916,9129,11045
"10/07/2015",3072,9941,13013
"11/07/2015",4847,7573,12420
"12/07/2015",4314,7397,11711
"13/07/2015",1864,8360,10224
"14/07/2015",1975,9616,11591
"15/07/2015",2039,10049,12088
"16/07/2015",2516,10741,13257
"17/07/2015",2977,9650,12627
"18/07/2015",4426,6670,11096
"19/07/2015",4155,5993,10148
"20/07/2015",2318,8538,10856
"21/07/2015",2246,9565,11811
"22/07/2015",2468,10466,12934
"23/07/2015",2575,10417,12992
"24/07/2015",3280,10059,13339
"25/07/2015",5807,7095,12902
"26/07/2015",4682,6632,11314
"27/07/2015",2482,8437,10919
"28/07/2015",2528,9448,11976
"29/07/2015",2428,9742,12170
"30/07/2015",1803,9005,10808
"31/07/2015",2751,9645,12396
"01/08/2015",4940,7103,12043
"02/08/2015",4550,6897,11447
"03/08/2015",2714,9371,12085
"04/08/2015",2212,9414,11626
"05/08/2015",2408,10093,12501
"06/08/2015",2565,10052,12617
"07/08/2015",2827,9354,12181
"08/08/2015",5843,7127,12970
"09/08/2015",4923,6728,11651
"10/08/2015",2362,8132,10494
"11/08/2015",2065,9277,11342
"12/08/2015",2304,10181,12485
"13/08/2015",2344,10091,12435
"14/08/2015",2972,9577,12549
"15/08/2015",5261,6821,12082
"16/08/2015",3872,6320,10192
"17/08/2015",2135,8836,10971
"18/08/2015",2098,9497,11595
"19/08/2015",1985,9981,11966
"20/08/2015",1823,8369,10192
"21/08/2015",3064,9838,12902
"22/08/2015",4995,7344,12339
"23/08/2015",4119,6862,10981
"24/08/2015",1963,8320,10283
"25/08/2015",2220,10452,12672
"26/08/2015",1933,10397,12330
"27/08/2015",2022,10384,12406
"28/08/2015",2440,9770,12210
"29/08/2015",4426,7100,11526
"30/08/2015",3512,6676,10188
"31/08/2015",1716,9336,11052
"01/09/2015",1504,10018,11522
"02/09/2015",1545,9833,11378
"03/09/2015",1670,9461,11131
"04/09/2015",2187,8863,11050
"05/09/2015",5260,5607,10867
"06/09/2015",6970,5430,12400
"07/09/2015",4295,6056,10351
"08/09/2015",1381,9584,10965
"09/09/2015",1352,9713,11065
"10/09/2015",1078,9278,10356
"11/09/2015",2085,10082,12167
"12/09/2015",1417,5248,6665
"13/09/2015",3127,7270,10397
"14/09/2015",1592,9564,11156
"15/09/2015",1540,10403,11943
"16/09/2015",1485,10453,11938
"17/09/2015",1561,10388,11949
"18/09/2015",1809,10147,11956
"19/09/2015",3971,7609,11580
"20/09/2015",3604,7394,10998
"21/09/2015",1314,6502,7816
"22/09/2015",1783,10169,11952
"23/09/2015",2339,10434,12773
"24/09/2015",2320,10194,12514
"25/09/2015",1814,9589,11403
"26/09/2015",3509,7529,11038
"27/09/2015",2892,7087,9979
"28/09/2015",1569,9736,11305
"29/09/2015",930,6310,7240
"30/09/2015",1047,9137,10184
"01/10/2015",224,4575,4799
"02/10/2015",104,1975,2079
"03/10/2015",598,3452,4050
"04/10/2015",1311,5313,6624
"05/10/2015",1234,9211,10445
"06/10/2015",1203,10348,11551
"07/10/2015",1181,10553,11734
"08/10/2015",1474,10237,11711
"09/10/2015",1829,8672,10501
"10/10/2015",3800,6469,10269
"11/10/2015",4380,6111,10491
"12/10/2015",2889,7606,10495
"13/10/2015",1294,9509,10803
"14/10/2015",1214,10192,11406
"15/10/2015",1654,9852,11506
"16/10/2015",1874,9389,11263
"17/10/2015",2861,5921,8782
"18/10/2015",1788,5190,6978
"19/10/2015",913,8161,9074
"20/10/2015",933,9103,10036
"21/10/2015",1056,9622,10678
"22/10/2015",1643,9644,11287
"23/10/2015",2136,9334,11470
"24/10/2015",3434,6296,9730
"25/10/2015",2654,5933,8587
"26/10/2015",1434,8539,9973
"27/10/2015",939,8858,9797
"28/10/2015",201,4978,5179
"29/10/2015",1142,9490,10632
"30/10/2015",1125,8575,9700
"31/10/2015",2425,6296,8721
"01/11/2015",1897,5314,7211
"02/11/2015",1051,8395,9446
"03/11/2015",985,9523,10508
"04/11/2015",1092,9730,10822
"05/11/2015",1073,9480,10553
"06/11/2015",2155,9454,11609
"07/11/2015",1148,4462,5610
"08/11/2015",2790,6204,8994
"09/11/2015",564,6151,6715
"10/11/2015",248,5525,5773
"11/11/2015",945,7956,8901
"12/11/2015",543,7933,8476
"13/11/2015",928,8334,9262
"14/11/2015",1823,5348,7171
"15/11/2015",1932,5509,7441
"16/11/2015",757,8399,9156
"17/11/2015",652,8574,9226
"18/11/2015",752,9016,9768
"19/11/2015",258,5997,6255
"20/11/2015",947,8150,9097
"21/11/2015",1867,5432,7299
"22/11/2015",819,4129,4948
"23/11/2015",313,6288,6601
"24/11/2015",506,6994,7500
"25/11/2015",696,6168,6864
"26/11/2015",1366,2028,3394
"27/11/2015",2857,3383,6240
"28/11/2015",2824,3594,6418
"29/11/2015",343,2534,2877
"30/11/2015",114,4046,4160
"01/12/2015",73,3881,3954
"02/12/2015",160,5580,5740
"03/12/2015",308,7661,7969
"04/12/2015",478,7462,7940
"05/12/2015",1461,5625,7086
"06/12/2015",1104,4876,5980
"07/12/2015",559,7369,7928
"08/12/2015",483,7975,8458
"09/12/2015",301,7681,7982
"10/12/2015",561,8124,8685
"11/12/2015",797,7925,8722
"12/12/2015",2300,6420,8720
"13/12/2015",1933,6101,8034
"14/12/2015",545,6100,6645
"15/12/2015",526,8277,8803
"16/12/2015",595,8030,8625
"17/12/2015",135,4418,4553
"18/12/2015",344,6354,6698
"19/12/2015",532,3747,4279
"20/12/2015",574,3645,4219
"21/12/2015",591,6084,6675
"22/12/2015",396,4538,4934
"23/12/2015",101,2162,2263
"24/12/2015",465,2331,2796
"25/12/2015",730,772,1502
"26/12/2015",1029,1673,2702
"27/12/2015",2249,2374,4623
"28/12/2015",838,3621,4459
"29/12/2015",1004,4249,5253
"30/12/2015",1038,4237,5275
"31/12/2015",1291,4564,5855
