"","start_date","casual","member","total"
"1",2010-09-20,34,178,212
"2",2010-09-21,109,215,324
"3",2010-09-22,117,260,377
"4",2010-09-23,124,249,373
"5",2010-09-24,156,206,362
"6",2010-09-25,267,272,539
"7",2010-09-26,230,307,537
"8",2010-09-27,64,222,286
"9",2010-09-28,101,310,411
"10",2010-09-29,77,345,422
"11",2010-09-30,19,140,159
"12",2010-10-01,164,414,578
"13",2010-10-02,397,442,839
"14",2010-10-03,222,283,505
"15",2010-10-04,58,268,326
"16",2010-10-05,86,538,624
"17",2010-10-06,94,569,663
"18",2010-10-07,162,707,869
"19",2010-10-08,218,696,914
"20",2010-10-09,570,539,1109
"21",2010-10-10,621,476,1097
"22",2010-10-11,350,617,967
"23",2010-10-12,248,832,1080
"24",2010-10-13,237,894,1131
"25",2010-10-14,72,501,573
"26",2010-10-15,280,857,1137
"27",2010-10-16,567,807,1374
"28",2010-10-17,597,735,1332
"29",2010-10-18,194,943,1137
"30",2010-10-19,194,955,1149
"31",2010-10-20,166,974,1140
"32",2010-10-21,194,1134,1328
"33",2010-10-22,237,1125,1362
"34",2010-10-23,760,938,1698
"35",2010-10-24,718,826,1544
"36",2010-10-25,227,1100,1327
"37",2010-10-26,267,1287,1554
"38",2010-10-27,142,875,1017
"39",2010-10-28,357,1337,1694
"40",2010-10-29,416,1236,1652
"41",2010-10-30,1157,1133,2290
"42",2010-10-31,988,954,1942
"43",2010-11-01,236,1215,1451
"44",2010-11-02,182,1223,1405
"45",2010-11-03,180,1310,1490
"46",2010-11-04,45,544,589
"47",2010-11-05,294,1560,1854
"48",2010-11-06,604,1212,1816
"49",2010-11-07,394,1020,1414
"50",2010-11-08,163,1436,1599
"51",2010-11-09,215,1719,1934
"52",2010-11-10,226,1822,2048
"53",2010-11-11,417,1632,2049
"54",2010-11-12,396,1624,2020
"55",2010-11-13,915,1350,2265
"56",2010-11-14,822,1183,2005
"57",2010-11-15,218,1517,1735
"58",2010-11-16,62,710,772
"59",2010-11-17,180,1743,1923
"60",2010-11-18,191,1665,1856
"61",2010-11-19,250,1704,1954
"62",2010-11-20,837,1514,2351
"63",2010-11-21,563,1189,1752
"64",2010-11-22,257,1648,1905
"65",2010-11-23,161,1604,1765
"66",2010-11-24,157,1322,1479
"67",2010-11-25,196,357,553
"68",2010-11-26,197,581,778
"69",2010-11-27,362,576,938
"70",2010-11-28,207,737,944
"71",2010-11-29,96,1388,1484
"72",2010-11-30,94,1165,1259
"73",2010-12-01,40,939,979
"74",2010-12-02,89,1369,1458
"75",2010-12-03,113,1473,1586
"76",2010-12-04,246,958,1204
"77",2010-12-05,166,845,1011
"78",2010-12-06,48,1134,1182
"79",2010-12-07,46,1026,1072
"80",2010-12-08,59,1075,1134
"81",2010-12-09,71,1197,1268
"82",2010-12-10,73,1203,1276
"83",2010-12-11,182,947,1129
"84",2010-12-12,43,377,420
"85",2010-12-13,46,987,1033
"86",2010-12-14,38,805,843
"87",2010-12-15,43,1006,1049
"88",2010-12-16,12,657,669
"89",2010-12-17,35,819,854
"90",2010-12-18,84,739,823
"91",2010-12-19,101,698,799
"92",2010-12-20,54,971,1025
"93",2010-12-21,50,986,1036
"94",2010-12-22,100,996,1096
"95",2010-12-23,61,677,738
"96",2010-12-24,72,271,343
"97",2010-12-25,102,86,188
"98",2010-12-26,15,69,84
"99",2010-12-27,26,272,298
"100",2010-12-28,69,620,689
"101",2010-12-29,111,812,923
"102",2010-12-30,148,955,1103
"103",2010-12-31,283,651,934
"104",2011-01-01,330,629,959
"105",2011-01-02,130,651,781
"106",2011-01-03,120,1181,1301
"107",2011-01-04,107,1429,1536
"108",2011-01-05,82,1489,1571
"109",2011-01-06,88,1485,1573
"110",2011-01-07,148,1345,1493
"111",2011-01-08,68,871,939
"112",2011-01-09,54,748,802
"113",2011-01-10,41,1257,1298
"114",2011-01-11,43,1188,1231
"115",2011-01-12,25,1116,1141
"116",2011-01-13,37,1346,1383
"117",2011-01-14,54,1330,1384
"118",2011-01-15,222,1018,1240
"119",2011-01-16,251,937,1188
"120",2011-01-17,117,876,993
"121",2011-01-18,9,663,672
"122",2011-01-19,78,1553,1631
"123",2011-01-20,81,1815,1896
"124",2011-01-21,73,1449,1522
"125",2011-01-22,93,876,969
"126",2011-01-23,150,827,977
"127",2011-01-24,86,1319,1405
"128",2011-01-25,186,1785,1971
"129",2011-01-26,34,466,500
"130",2011-01-27,15,409,424
"131",2011-01-28,38,1113,1151
"132",2011-01-29,123,947,1070
"133",2011-01-30,140,944,1084
"134",2011-01-31,42,1376,1418
"135",2011-02-01,47,1284,1331
"136",2011-02-02,72,1430,1502
"137",2011-02-03,61,1473,1534
"138",2011-02-04,88,1603,1691
"139",2011-02-05,100,892,992
"140",2011-02-06,354,1249,1603
"141",2011-02-07,119,1568,1687
"142",2011-02-08,64,1446,1510
"143",2011-02-09,52,1540,1592
"144",2011-02-10,46,1474,1520
"145",2011-02-11,148,1576,1724
"146",2011-02-12,288,1167,1455
"147",2011-02-13,396,1162,1558
"148",2011-02-14,207,1685,1892
"149",2011-02-15,139,1641,1780
"150",2011-02-16,218,1861,2079
"151",2011-02-17,258,2185,2443
"152",2011-02-18,578,2314,2892
"153",2011-02-19,532,1077,1609
"154",2011-02-20,639,1148,1787
"155",2011-02-21,195,898,1093
"156",2011-02-22,74,1358,1432
"157",2011-02-23,139,1740,1879
"158",2011-02-24,100,1686,1786
"159",2011-02-25,120,1323,1443
"160",2011-02-26,424,1519,1943
"161",2011-02-27,694,1677,2371
"162",2011-02-28,80,1350,1430
"163",2011-03-01,137,1695,1832
"164",2011-03-02,231,1878,2109
"165",2011-03-03,123,1536,1659
"166",2011-03-04,214,1709,1923
"167",2011-03-05,640,1414,2054
"168",2011-03-06,113,469,582
"169",2011-03-07,243,1599,1842
"170",2011-03-08,316,1781,2097
"171",2011-03-09,191,1677,1868
"172",2011-03-10,46,570,616
"173",2011-03-11,247,1706,1953
"174",2011-03-12,724,1380,2104
"175",2011-03-13,979,1396,2375
"176",2011-03-14,359,1673,2032
"177",2011-03-15,288,1736,2024
"178",2011-03-16,321,1851,2172
"179",2011-03-17,423,2295,2718
"180",2011-03-18,883,2311,3194
"181",2011-03-19,1422,1634,3056
"182",2011-03-20,1046,1372,2418
"183",2011-03-21,401,1657,2058
"184",2011-03-22,460,2207,2667
"185",2011-03-23,203,1898,2101
"186",2011-03-24,166,1678,1844
"187",2011-03-25,300,1886,2186
"188",2011-03-26,981,1477,2458
"189",2011-03-27,470,1195,1665
"190",2011-03-28,222,1782,2004
"191",2011-03-29,317,2080,2397
"192",2011-03-30,168,1351,1519
"193",2011-03-31,179,1489,1668
"194",2011-04-01,307,1885,2192
"195",2011-04-02,897,1328,2225
"196",2011-04-03,1651,1561,3212
"197",2011-04-04,734,2345,3079
"198",2011-04-05,167,1601,1768
"199",2011-04-06,413,2363,2776
"200",2011-04-07,570,2431,3001
"201",2011-04-08,172,1282,1454
"202",2011-04-09,879,1549,2428
"203",2011-04-10,1188,1662,2850
"204",2011-04-11,854,2450,3304
"205",2011-04-12,257,1740,1997
"206",2011-04-13,208,1920,2128
"207",2011-04-14,527,2683,3210
"208",2011-04-15,642,2441,3083
"209",2011-04-16,121,654,775
"210",2011-04-17,1555,2123,3678
"211",2011-04-18,668,2701,3369
"212",2011-04-19,409,2730,3139
"213",2011-04-20,612,3286,3898
"214",2011-04-21,743,3249,3992
"215",2011-04-22,177,1471,1648
"216",2011-04-23,1460,2510,3970
"217",2011-04-24,1708,2408,4116
"218",2011-04-25,772,3249,4021
"219",2011-04-26,675,3656,4331
"220",2011-04-27,545,3264,3809
"221",2011-04-28,568,3428,3996
"222",2011-04-29,877,3560,4437
"223",2011-04-30,1963,3251,5214
"224",2011-05-01,1137,2158,3295
"225",2011-05-02,845,3484,4329
"226",2011-05-03,603,3763,4366
"227",2011-05-04,252,2343,2595
"228",2011-05-05,611,3727,4338
"229",2011-05-06,891,3645,4536
"230",2011-05-07,1605,3011,4616
"231",2011-05-08,1400,2845,4245
"232",2011-05-09,661,3622,4283
"233",2011-05-10,691,4042,4733
"234",2011-05-11,550,3554,4104
"235",2011-05-12,694,4076,4770
"236",2011-05-13,690,3348,4038
"237",2011-05-14,899,2453,3352
"238",2011-05-15,1582,2902,4484
"239",2011-05-16,772,3137,3909
"240",2011-05-17,678,3389,4067
"241",2011-05-18,535,3277,3812
"242",2011-05-19,734,3769,4503
"243",2011-05-20,907,3937,4844
"244",2011-05-21,2254,3477,5731
"245",2011-05-22,1576,3020,4596
"246",2011-05-23,834,3390,4224
"247",2011-05-24,659,3763,4422
"248",2011-05-25,739,4178,4917
"249",2011-05-26,757,3874,4631
"250",2011-05-27,869,3753,4622
"251",2011-05-28,2000,2693,4693
"252",2011-05-29,2352,2391,4743
"253",2011-05-30,1548,2499,4047
"254",2011-05-31,671,3269,3940
"255",2011-06-01,512,3419,3931
"256",2011-06-02,736,4176,4912
"257",2011-06-03,898,4344,5242
"258",2011-06-04,1864,3384,5248
"259",2011-06-05,1684,3175,4859
"260",2011-06-06,670,3818,4488
"261",2011-06-07,760,4023,4783
"262",2011-06-08,675,3683,4358
"263",2011-06-09,562,3326,3888
"264",2011-06-10,814,3726,4540
"265",2011-06-11,1727,3174,4901
"266",2011-06-12,1467,2940,4407
"267",2011-06-13,863,4106,4969
"268",2011-06-14,726,4103,4829
"269",2011-06-15,769,4354,5123
"270",2011-06-16,544,3181,3725
"271",2011-06-17,862,3910,4772
"272",2011-06-18,1806,3248,5054
"273",2011-06-19,1638,3038,4676
"274",2011-06-20,697,3270,3967
"275",2011-06-21,770,3999,4769
"276",2011-06-22,655,3790,4445
"277",2011-06-23,745,3979,4724
"278",2011-06-24,969,3961,4930
"279",2011-06-25,1781,3333,5114
"280",2011-06-26,1918,3323,5241
"281",2011-06-27,853,3802,4655
"282",2011-06-28,729,3851,4580
"283",2011-06-29,848,4307,5155
"284",2011-06-30,1024,4432,5456
"285",2011-07-01,1244,4052,5296
"286",2011-07-02,2204,2848,5052
"287",2011-07-03,2279,2312,4591
"288",2011-07-04,3060,2915,5975
"289",2011-07-05,1030,3584,4614
"290",2011-07-06,783,3786,4569
"291",2011-07-07,754,3753,4507
"292",2011-07-08,689,3290,3979
"293",2011-07-09,1987,3281,5268
"294",2011-07-10,1744,3083,4827
"295",2011-07-11,720,3320,4040
"296",2011-07-12,661,3546,4207
"297",2011-07-13,745,3544,4289
"298",2011-07-14,888,4129,5017
"299",2011-07-15,1318,4157,5475
"300",2011-07-16,2417,3430,5847
"301",2011-07-17,2005,3240,5245
"302",2011-07-18,841,3563,4404
"303",2011-07-19,751,3718,4469
"304",2011-07-20,643,3630,4273
"305",2011-07-21,631,3106,3737
"306",2011-07-22,560,2788,3348
"307",2011-07-23,986,2255,3241
"308",2011-07-24,1049,2513,3562
"309",2011-07-25,566,3224,3790
"310",2011-07-26,749,3761,4510
"311",2011-07-27,753,3849,4602
"312",2011-07-28,606,3740,4346
"313",2011-07-29,669,3150,3819
"314",2011-07-30,1559,2858,4417
"315",2011-07-31,1523,2739,4262
"316",2011-08-01,729,3487,4216
"317",2011-08-02,800,4004,4804
"318",2011-08-03,467,3062,3529
"319",2011-08-04,799,3730,4529
"320",2011-08-05,1023,3795,4818
"321",2011-08-06,1519,2726,4245
"322",2011-08-07,1296,2441,3737
"323",2011-08-08,845,3431,4276
"324",2011-08-09,908,3642,4550
"325",2011-08-10,884,3826,4710
"326",2011-08-11,811,3926,4737
"327",2011-08-12,1049,3799,4848
"328",2011-08-13,1499,2586,4085
"329",2011-08-14,1337,2437,3774
"330",2011-08-15,774,3507,4281
"331",2011-08-16,721,3952,4673
"332",2011-08-17,668,3974,4642
"333",2011-08-18,639,3117,3756
"334",2011-08-19,797,3305,4102
"335",2011-08-20,1914,3190,5104
"336",2011-08-21,1247,2562,3809
"337",2011-08-22,831,3868,4699
"338",2011-08-23,1268,4550,5818
"339",2011-08-24,941,4123,5064
"340",2011-08-25,435,3055,3490
"341",2011-08-26,768,3839,4607
"342",2011-08-27,225,880,1105
"343",2011-08-28,1414,2875,4289
"344",2011-08-29,729,3847,4576
"345",2011-08-30,772,4376,5148
"346",2011-08-31,688,4310,4998
"347",2011-09-01,783,4276,5059
"348",2011-09-02,873,3809,4682
"349",2011-09-03,1933,2493,4426
"350",2011-09-04,2522,2379,4901
"351",2011-09-05,1236,2074,3310
"352",2011-09-06,204,2462,2666
"353",2011-09-07,118,1846,1964
"354",2011-09-08,153,1657,1810
"355",2011-09-09,417,3093,3510
"356",2011-09-10,1749,3521,5270
"357",2011-09-11,1633,3324,4957
"358",2011-09-12,688,3950,4638
"359",2011-09-13,701,4012,4713
"360",2011-09-14,646,4090,4736
"361",2011-09-15,428,3184,3612
"362",2011-09-16,741,3952,4693
"363",2011-09-17,1431,3031,4462
"364",2011-09-18,1353,2875,4228
"365",2011-09-19,688,3779,4467
"366",2011-09-20,437,3156,3593
"367",2011-09-21,537,3768,4305
"368",2011-09-22,555,4188,4743
"369",2011-09-23,258,2109,2367
"370",2011-09-24,1777,3576,5353
"371",2011-09-25,1544,3416,4960
"372",2011-09-26,681,3906,4587
"373",2011-09-27,476,3593,4069
"374",2011-09-28,481,3396,3877
"375",2011-09-29,653,4140,4793
"376",2011-09-30,830,4320,5150
"377",2011-10-01,476,1926,2402
"378",2011-10-02,616,2268,2884
"379",2011-10-03,330,3199,3529
"380",2011-10-04,485,3920,4405
"381",2011-10-05,559,4212,4771
"382",2011-10-06,639,4078,4717
"383",2011-10-07,949,3976,4925
"384",2011-10-08,2233,3104,5337
"385",2011-10-09,2397,3048,5445
"386",2011-10-10,1513,3539,5052
"387",2011-10-11,666,3837,4503
"388",2011-10-12,217,2175,2392
"389",2011-10-13,290,2592,2882
"390",2011-10-14,528,3064,3592
"391",2011-10-15,1896,3240,5136
"392",2011-10-16,1748,3223,4971
"393",2011-10-17,713,3806,4519
"394",2011-10-18,635,4064,4699
"395",2011-10-19,254,2144,2398
"396",2011-10-20,471,3681,4152
"397",2011-10-21,676,3582,4258
"398",2011-10-22,1499,2749,4248
"399",2011-10-23,1619,2707,4326
"400",2011-10-24,698,3444,4142
"401",2011-10-25,694,3936,4630
"402",2011-10-26,404,3452,3856
"403",2011-10-27,240,2389,2629
"404",2011-10-28,455,3253,3708
"405",2011-10-29,57,562,619
"406",2011-10-30,885,2403,3288
"407",2011-10-31,362,3271,3633
"408",2011-11-01,410,3628,4038
"409",2011-11-02,367,3769,4136
"410",2011-11-03,317,3597,3914
"411",2011-11-04,470,3533,4003
"412",2011-11-05,1154,2733,3887
"413",2011-11-06,952,2659,3611
"414",2011-11-07,373,3602,3975
"415",2011-11-08,376,3773,4149
"416",2011-11-09,305,3752,4057
"417",2011-11-10,190,2713,2903
"418",2011-11-11,440,2897,3337
"419",2011-11-12,1275,2758,4033
"420",2011-11-13,1004,2680,3684
"421",2011-11-14,594,3833,4427
"422",2011-11-15,449,3712,4161
"423",2011-11-16,145,1660,1805
"424",2011-11-17,139,2886,3025
"425",2011-11-18,243,3113,3356
"426",2011-11-19,941,2679,3620
"427",2011-11-20,787,2685,3472
"428",2011-11-21,220,2510,2730
"429",2011-11-22,69,1518,1587
"430",2011-11-23,112,2423,2535
"431",2011-11-24,559,918,1477
"432",2011-11-25,1095,1677,2772
"433",2011-11-26,1249,1776,3025
"434",2011-11-27,808,2221,3029
"435",2011-11-28,253,3559,3812
"436",2011-11-29,96,2791,2887
"437",2011-11-30,187,3389,3576
"438",2011-12-01,182,3500,3682
"439",2011-12-02,268,3633,3901
"440",2011-12-03,705,2857,3562
"441",2011-12-04,633,2808,3441
"442",2011-12-05,233,3511,3744
"443",2011-12-06,126,2437,2563
"444",2011-12-07,50,648,698
"445",2011-12-08,150,3145,3295
"446",2011-12-09,259,3324,3583
"447",2011-12-10,502,2658,3160
"448",2011-12-11,376,2337,2713
"449",2011-12-12,143,3121,3264
"450",2011-12-13,154,3327,3481
"451",2011-12-14,178,3515,3693
"452",2011-12-15,180,3490,3670
"453",2011-12-16,178,3359,3537
"454",2011-12-17,275,2435,2710
"455",2011-12-18,220,2182,2402
"456",2011-12-19,259,3107,3366
"457",2011-12-20,216,3498,3714
"458",2011-12-21,107,2533,2640
"459",2011-12-22,227,2801,3028
"460",2011-12-23,163,2019,2182
"461",2011-12-24,154,840,994
"462",2011-12-25,303,439,742
"463",2011-12-26,429,864,1293
"464",2011-12-27,103,1049,1152
"465",2011-12-28,255,2020,2275
"466",2011-12-29,254,2149,2403
"467",2011-12-30,491,2476,2967
"468",2011-12-31,665,1792,2457
"469",2012-01-01,688,1572,2260
"470",2012-01-02,244,1693,1937
"471",2012-01-03,89,2130,2219
"472",2012-01-04,95,2262,2357
"473",2012-01-05,140,3111,3251
"474",2012-01-06,304,3750,4054
"475",2012-01-07,1074,3406,4480
"476",2012-01-08,601,2807,3408
"477",2012-01-09,106,2219,2325
"478",2012-01-10,173,3400,3573
"479",2012-01-11,92,2074,2166
"480",2012-01-12,270,3793,4063
"481",2012-01-13,173,3017,3190
"482",2012-01-14,333,2137,2470
"483",2012-01-15,283,2009,2292
"484",2012-01-16,217,2060,2277
"485",2012-01-17,125,2788,2913
"486",2012-01-18,109,3244,3353
"487",2012-01-19,131,3147,3278
"488",2012-01-20,114,3012,3126
"489",2012-01-21,67,1217,1284
"490",2012-01-22,196,1758,1954
"491",2012-01-23,145,2266,2411
"492",2012-01-24,439,3856,4295
"493",2012-01-25,467,3767,4234
"494",2012-01-26,243,3784,4027
"495",2012-01-27,269,3149,3418
"496",2012-01-28,776,3213,3989
"497",2012-01-29,557,2649,3206
"498",2012-01-30,126,3459,3585
"499",2012-01-31,324,4152,4476
"500",2012-02-01,304,4241,4545
"501",2012-02-02,190,3547,3737
"502",2012-02-03,310,3808,4118
"503",2012-02-04,383,2414,2797
"504",2012-02-05,317,2596,2913
"505",2012-02-06,206,3551,3757
"506",2012-02-07,200,4151,4351
"507",2012-02-08,107,2676,2783
"508",2012-02-09,161,3631,3792
"509",2012-02-10,225,3572,3797
"510",2012-02-11,192,1961,2153
"511",2012-02-12,73,1440,1513
"512",2012-02-13,94,3303,3397
"513",2012-02-14,131,3754,3885
"514",2012-02-15,141,3989,4130
"515",2012-02-16,74,2908,2982
"516",2012-02-17,349,3763,4112
"517",2012-02-18,1434,2836,4270
"518",2012-02-19,618,2051,2669
"519",2012-02-20,502,2589,3091
"520",2012-02-21,163,3586,3749
"521",2012-02-22,393,4343,4736
"522",2012-02-23,516,4499,5015
"523",2012-02-24,246,3213,3459
"524",2012-02-25,317,2372,2689
"525",2012-02-26,515,2845,3360
"526",2012-02-27,253,4033,4286
"527",2012-02-28,229,4104,4333
"528",2012-02-29,65,1750,1815
"529",2012-03-01,324,4611,4935
"530",2012-03-02,245,2909,3154
"531",2012-03-03,955,3065,4020
"532",2012-03-04,710,2668,3378
"533",2012-03-05,203,3105,3308
"534",2012-03-06,220,3705,3925
"535",2012-03-07,432,4442,4874
"536",2012-03-08,485,4839,5324
"537",2012-03-09,447,4078,4525
"538",2012-03-10,968,3104,4072
"539",2012-03-11,1658,3207,4865
"540",2012-03-12,838,4413,5251
"541",2012-03-13,762,5026,5788
"542",2012-03-14,998,5252,6250
"543",2012-03-15,1005,5124,6129
"544",2012-03-16,548,3782,4330
"545",2012-03-17,3154,4601,7755
"546",2012-03-18,2206,3626,5832
"547",2012-03-19,982,5119,6101
"548",2012-03-20,1051,4990,6041
"549",2012-03-21,1120,5049,6169
"550",2012-03-22,1334,5477,6811
"551",2012-03-23,2468,5796,8264
"552",2012-03-24,1033,2304,3337
"553",2012-03-25,1532,3405,4937
"554",2012-03-26,798,4713,5511
"555",2012-03-27,531,4516,5047
"556",2012-03-28,674,4965,5639
"557",2012-03-29,834,5221,6055
"558",2012-03-30,791,4620,5411
"559",2012-03-31,2299,3873,6172
"560",2012-04-01,2347,3632,5979
"561",2012-04-02,1209,4672,5881
"562",2012-04-03,1348,5357,6705
"563",2012-04-04,1059,5324,6383
"564",2012-04-05,1192,5196,6388
"565",2012-04-06,1808,4603,6411
"566",2012-04-07,3255,3551,6806
"567",2012-04-08,2232,2895,5127
"568",2012-04-09,905,4639,5544
"569",2012-04-10,819,5048,5867
"570",2012-04-11,482,4336,4818
"571",2012-04-12,663,4689,5352
"572",2012-04-13,1252,5080,6332
"573",2012-04-14,2792,4575,7367
"574",2012-04-15,2844,4211,7055
"575",2012-04-16,1197,5106,6303
"576",2012-04-17,988,5631,6619
"577",2012-04-18,347,3987,4334
"578",2012-04-19,845,5641,6486
"579",2012-04-20,1341,5861,7202
"580",2012-04-21,2540,4000,6540
"581",2012-04-22,120,880,1000
"582",2012-04-23,194,2964,3158
"583",2012-04-24,515,5049,5564
"584",2012-04-25,655,5482,6137
"585",2012-04-26,475,4514,4989
"586",2012-04-27,1013,5168,6181
"587",2012-04-28,1120,3056,4176
"588",2012-04-29,2230,4013,6243
"589",2012-04-30,667,4861,5528
"590",2012-05-01,653,5040,5693
"591",2012-05-02,667,5435,6102
"592",2012-05-03,764,5594,6358
"593",2012-05-04,1069,5145,6214
"594",2012-05-05,2498,4324,6822
"595",2012-05-06,2138,4152,6290
"596",2012-05-07,1007,5202,6209
"597",2012-05-08,737,4952,5689
"598",2012-05-09,620,4054,4674
"599",2012-05-10,1027,5473,6500
"600",2012-05-11,1317,5626,6943
"601",2012-05-12,2623,4711,7334
"602",2012-05-13,2171,3893,6064
"603",2012-05-14,341,2478,2819
"604",2012-05-15,624,4449,5073
"605",2012-05-16,990,6265,7255
"606",2012-05-17,1241,6046,7287
"607",2012-05-18,1521,6035,7556
"608",2012-05-19,3408,4791,8199
"609",2012-05-20,2702,4340,7042
"610",2012-05-21,630,3687,4317
"611",2012-05-22,819,5173,5992
"612",2012-05-23,765,4434,5199
"613",2012-05-24,1058,5647,6705
"614",2012-05-25,1417,5251,6668
"615",2012-05-26,2854,3617,6471
"616",2012-05-27,3284,3251,6535
"617",2012-05-28,2558,3433,5991
"618",2012-05-29,878,4808,5686
"619",2012-05-30,745,6024,6769
"620",2012-05-31,1098,6164,7262
"621",2012-06-01,530,3548,4078
"622",2012-06-02,2793,5232,8025
"623",2012-06-03,2494,5055,7549
"624",2012-06-04,1070,5835,6905
"625",2012-06-05,967,5974,6941
"626",2012-06-06,1026,5956,6982
"627",2012-06-07,1038,6372,7410
"628",2012-06-08,1487,6168,7655
"629",2012-06-09,2706,4715,7421
"630",2012-06-10,2223,4309,6532
"631",2012-06-11,1013,5577,6590
"632",2012-06-12,477,4439,4916
"633",2012-06-13,1171,6182,7353
"634",2012-06-14,1178,6121,7299
"635",2012-06-15,1563,6018,7581
"636",2012-06-16,2962,4668,7630
"637",2012-06-17,2636,4270,6906
"638",2012-06-18,650,4401,5051
"639",2012-06-19,966,5790,6756
"640",2012-06-20,869,5268,6137
"641",2012-06-21,775,5050,5825
"642",2012-06-22,961,4798,5759
"643",2012-06-23,2653,4720,7373
"644",2012-06-24,2552,4271,6823
"645",2012-06-25,1138,5568,6706
"646",2012-06-26,1077,6285,7362
"647",2012-06-27,1077,6176,7253
"648",2012-06-28,921,5877,6798
"649",2012-06-29,829,4566,5395
"650",2012-06-30,1454,4170,5624
"651",2012-07-01,1422,4032,5454
"652",2012-07-02,903,5255,6158
"653",2012-07-03,1051,5531,6582
"654",2012-07-04,2561,4753,7314
"655",2012-07-05,1404,4795,6199
"656",2012-07-06,1366,4774,6140
"657",2012-07-07,1447,3342,4789
"658",2012-07-08,1202,3412,4614
"659",2012-07-09,998,5512,6510
"660",2012-07-10,954,5286,6240
"661",2012-07-11,975,6217,7192
"662",2012-07-12,1032,6343,7375
"663",2012-07-13,1511,5912,7423
"664",2012-07-14,2355,4536,6891
"665",2012-07-15,1921,4031,5952
"666",2012-07-16,1089,5678,6767
"667",2012-07-17,921,5796,6717
"668",2012-07-18,799,4868,5667
"669",2012-07-19,887,5659,6546
"670",2012-07-20,747,5071,5818
"671",2012-07-21,1264,3152,4416
"672",2012-07-22,2544,4794,7338
"673",2012-07-23,1135,5750,6885
"674",2012-07-24,1140,6388,7528
"675",2012-07-25,1383,6708,8091
"676",2012-07-26,1036,5771,6807
"677",2012-07-27,1259,5581,6840
"678",2012-07-28,2234,4374,6608
"679",2012-07-29,2153,4371,6524
"680",2012-07-30,1038,5996,7034
"681",2012-07-31,968,6169,7137
"682",2012-08-01,1074,6437,7511
"683",2012-08-02,983,6180,7163
"684",2012-08-03,1327,5762,7089
"685",2012-08-04,2345,4392,6737
"686",2012-08-05,1707,3688,5395
"687",2012-08-06,1233,5676,6909
"688",2012-08-07,1277,5924,7201
"689",2012-08-08,1260,6176,7436
"690",2012-08-09,1196,5993,7189
"691",2012-08-10,1065,4653,5718
"692",2012-08-11,2247,3985,6232
"693",2012-08-12,2182,4277,6459
"694",2012-08-13,1207,5592,6799
"695",2012-08-14,1128,5562,6690
"696",2012-08-15,1198,6065,7263
"697",2012-08-16,1338,6186,7524
"698",2012-08-17,1483,5603,7086
"699",2012-08-18,2827,4946,7773
"700",2012-08-19,1208,3287,4495
"701",2012-08-20,1026,5453,6479
"702",2012-08-21,1081,5860,6941
"703",2012-08-22,1094,6211,7305
"704",2012-08-23,1362,6330,7692
"705",2012-08-24,1324,6189,7513
"706",2012-08-25,1829,4143,5972
"707",2012-08-26,1483,3696,5179
"708",2012-08-27,989,5826,6815
"709",2012-08-28,935,6048,6983
"710",2012-08-29,1177,6459,7636
"711",2012-08-30,1172,6461,7633
"712",2012-08-31,1433,5843,7276
"713",2012-09-01,2350,3731,6081
"714",2012-09-02,2612,3137,5749
"715",2012-09-03,1965,3992,5957
"716",2012-09-04,867,5920,6787
"717",2012-09-05,832,6222,7054
"718",2012-09-06,611,5524,6135
"719",2012-09-07,1044,6366,7410
"720",2012-09-08,1558,4348,5906
"721",2012-09-09,2570,5549,8119
"722",2012-09-10,1118,6319,7437
"723",2012-09-11,1069,6626,7695
"724",2012-09-12,1050,6750,7800
"725",2012-09-13,1054,6688,7742
"726",2012-09-14,1379,6543,7922
"727",2012-09-15,3161,5462,8623
"728",2012-09-16,2166,5085,7251
"729",2012-09-17,1022,5753,6775
"730",2012-09-18,371,3658,4029
"731",2012-09-19,787,6731,7518
"732",2012-09-20,939,6720,7659
"733",2012-09-21,1250,6826,8076
"734",2012-09-22,2511,5805,8316
"735",2012-09-23,2454,5372,7826
"736",2012-09-24,1001,6339,7340
"737",2012-09-25,845,6622,7467
"738",2012-09-26,787,6874,7661
"739",2012-09-27,751,6560,7311
"740",2012-09-28,1045,6291,7336
"741",2012-09-29,2589,5881,8470
"742",2012-09-30,2015,4797,6812
"743",2012-10-01,763,5936,6699
"744",2012-10-02,315,4272,4587
"745",2012-10-03,727,6769,7496
"746",2012-10-04,891,6384,7275
"747",2012-10-05,1516,6547,8063
"748",2012-10-06,3030,4859,7889
"749",2012-10-07,780,2683,3463
"750",2012-10-08,874,4548,5422
"751",2012-10-09,601,5736,6337
"752",2012-10-10,780,6832,7612
"753",2012-10-11,833,6676,7509
"754",2012-10-12,1059,6148,7207
"755",2012-10-13,2252,4788,7040
"756",2012-10-14,2078,4481,6559
"757",2012-10-15,760,5066,5826
"758",2012-10-16,921,6540,7461
"759",2012-10-17,979,6420,7399
"760",2012-10-18,1008,6436,7444
"761",2012-10-19,753,4605,5358
"762",2012-10-20,2804,5214,8018
"763",2012-10-21,2131,4628,6759
"764",2012-10-22,830,6166,6996
"765",2012-10-23,839,6558,7397
"766",2012-10-24,795,6835,7630
"767",2012-10-25,874,6423,7297
"768",2012-10-26,1181,6185,7366
"769",2012-10-27,2641,5128,7769
"770",2012-10-28,998,3411,4409
"771",2012-10-29,2,19,21
"772",2012-10-30,87,993,1080
"773",2012-10-31,419,5092,5511
"774",2012-11-01,464,5468,5932
"775",2012-11-02,617,5178,5795
"776",2012-11-03,1029,4058,5087
"777",2012-11-04,1201,3858,5059
"778",2012-11-05,378,4829,5207
"779",2012-11-06,466,5173,5639
"780",2012-11-07,326,4668,4994
"781",2012-11-08,340,4934,5274
"782",2012-11-09,709,5237,5946
"783",2012-11-10,2088,4390,6478
"784",2012-11-11,2290,4487,6777
"785",2012-11-12,1098,5120,6218
"786",2012-11-13,327,3733,4060
"787",2012-11-14,373,5064,5437
"788",2012-11-15,320,5074,5394
"789",2012-11-16,484,5158,5642
"790",2012-11-17,1313,4269,5582
"791",2012-11-18,922,3715,4637
"792",2012-11-19,449,5004,5453
"793",2012-11-20,534,5049,5583
"794",2012-11-21,615,4486,5101
"795",2012-11-22,954,1439,2393
"796",2012-11-23,1602,2262,3864
"797",2012-11-24,532,1727,2259
"798",2012-11-25,309,2093,2402
"799",2012-11-26,337,4703,5040
"800",2012-11-27,123,3807,3930
"801",2012-11-28,198,5047,5245
"802",2012-11-29,243,5036,5279
"803",2012-11-30,362,5255,5617
"804",2012-12-01,949,4187,5136
"805",2012-12-02,890,3710,4600
"806",2012-12-03,555,5628,6183
"807",2012-12-04,551,6011,6562
"808",2012-12-05,331,5334,5665
"809",2012-12-06,340,5005,5345
"810",2012-12-07,349,4613,4962
"811",2012-12-08,1154,4372,5526
"812",2012-12-09,441,2757,3198
"813",2012-12-10,329,4798,5127
"814",2012-12-11,282,5174,5456
"815",2012-12-12,309,4970,5279
"816",2012-12-13,425,5057,5482
"817",2012-12-14,429,5132,5561
"818",2012-12-15,766,4215,4981
"819",2012-12-16,538,3205,3743
"820",2012-12-17,212,4338,4550
"821",2012-12-18,433,5080,5513
"822",2012-12-19,333,4901,5234
"823",2012-12-20,314,3783,4097
"824",2012-12-21,221,3363,3584
"825",2012-12-22,205,1528,1733
"826",2012-12-23,408,1359,1767
"827",2012-12-24,174,735,909
"828",2012-12-25,440,564,1004
"829",2012-12-26,9,426,435
"830",2012-12-27,247,1849,2096
"831",2012-12-28,644,2424,3068
"832",2012-12-29,158,1170,1328
"833",2012-12-30,364,1416,1780
"834",2012-12-31,439,2272,2711
"835",2013-01-01,421,1543,1964
"836",2013-01-02,284,3389,3673
"837",2013-01-03,297,3547,3844
"838",2013-01-04,297,3781,4078
"839",2013-01-05,509,3007,3516
"840",2013-01-06,585,3166,3751
"841",2013-01-07,332,4409,4741
"842",2013-01-08,442,4832,5274
"843",2013-01-09,356,4754,5110
"844",2013-01-10,359,5023,5382
"845",2013-01-11,254,3840,4094
"846",2013-01-12,1239,4334,5573
"847",2013-01-13,834,3280,4114
"848",2013-01-14,444,4579,5023
"849",2013-01-15,224,2673,2897
"850",2013-01-16,197,3280,3477
"851",2013-01-17,361,4408,4769
"852",2013-01-18,340,4132,4472
"853",2013-01-19,1199,3719,4918
"854",2013-01-20,1656,4043,5699
"855",2013-01-21,1026,3500,4526
"856",2013-01-22,89,2842,2931
"857",2013-01-23,69,3115,3184
"858",2013-01-24,20,2405,2425
"859",2013-01-25,44,2310,2354
"860",2013-01-26,179,2560,2739
"861",2013-01-27,263,2726,2989
"862",2013-01-28,65,2647,2712
"863",2013-01-29,321,5470,5791
"864",2013-01-30,182,4460,4642
"865",2013-01-31,120,4205,4325
"866",2013-02-01,84,3077,3161
"867",2013-02-02,233,2217,2450
"868",2013-02-03,185,2370,2555
"869",2013-02-04,122,3797,3919
"870",2013-02-05,151,4427,4578
"871",2013-02-06,179,4692,4871
"872",2013-02-07,175,4263,4438
"873",2013-02-08,146,3205,3351
"874",2013-02-09,424,3004,3428
"875",2013-02-10,501,3075,3576
"876",2013-02-11,151,4071,4222
"877",2013-02-12,281,5342,5623
"878",2013-02-13,171,3362,3533
"879",2013-02-14,355,4762,5117
"880",2013-02-15,683,4632,5315
"881",2013-02-16,679,2526,3205
"882",2013-02-17,483,2004,2487
"883",2013-02-18,534,2786,3320
"884",2013-02-19,163,3769,3932
"885",2013-02-20,190,4162,4352
"886",2013-02-21,187,3922,4109
"887",2013-02-22,123,3403,3526
"888",2013-02-23,211,2336,2547
"889",2013-02-24,846,3479,4325
"890",2013-02-25,331,4617,4948
"891",2013-02-26,149,2593,2742
"892",2013-02-27,363,5025,5388
"893",2013-02-28,296,4788,5084
"894",2013-03-01,329,4557,4886
"895",2013-03-02,674,3033,3707
"896",2013-03-03,475,2573,3048
"897",2013-03-04,311,4101,4412
"898",2013-03-05,444,4737,5181
"899",2013-03-06,79,1046,1125
"900",2013-03-07,315,4691,5006
"901",2013-03-08,410,4425,4835
"902",2013-03-09,2168,4600,6768
"903",2013-03-10,2328,4436,6764
"904",2013-03-11,1026,5013,6039
"905",2013-03-12,449,3796,4245
"906",2013-03-13,625,5068,5693
"907",2013-03-14,440,4386,4826
"908",2013-03-15,1201,5129,6330
"909",2013-03-16,1811,4357,6168
"910",2013-03-17,982,2960,3942
"911",2013-03-18,248,2499,2747
"912",2013-03-19,674,5268,5942
"913",2013-03-20,556,5250,5806
"914",2013-03-21,308,4200,4508
"915",2013-03-22,682,4725,5407
"916",2013-03-23,2473,4006,6479
"917",2013-03-24,1109,2748,3857
"918",2013-03-25,84,1828,1912
"919",2013-03-26,647,4936,5583
"920",2013-03-27,646,5154,5800
"921",2013-03-28,699,4884,5583
"922",2013-03-29,1968,5416,7384
"923",2013-03-30,5006,4592,9598
"924",2013-03-31,1401,2384,3785
"925",2013-04-01,1303,5065,6368
"926",2013-04-02,738,5164,5902
"927",2013-04-03,929,5297,6226
"928",2013-04-04,904,4925,5829
"929",2013-04-05,1559,6030,7589
"930",2013-04-06,4099,5172,9271
"931",2013-04-07,4428,5334,9762
"932",2013-04-08,1949,6517,8466
"933",2013-04-09,2138,7612,9750
"934",2013-04-10,1965,7588,9553
"935",2013-04-11,1886,7205,9091
"936",2013-04-12,1173,4824,5997
"937",2013-04-13,5375,5892,11267
"938",2013-04-14,4370,5234,9604
"939",2013-04-15,1289,5619,6908
"940",2013-04-16,1519,6728,8247
"941",2013-04-17,1363,7114,8477
"942",2013-04-18,1192,6494,7686
"943",2013-04-19,1082,5036,6118
"944",2013-04-20,3411,5382,8793
"945",2013-04-21,2510,4820,7330
"946",2013-04-22,779,5958,6737
"947",2013-04-23,946,6488,7434
"948",2013-04-24,1306,7154,8460
"949",2013-04-25,1350,6912,8262
"950",2013-04-26,1844,7152,8996
"951",2013-04-27,4947,5873,10820
"952",2013-04-28,3335,4516,7851
"953",2013-04-29,480,3809,4289
"954",2013-04-30,604,4755,5359
"955",2013-05-01,1197,7410,8607
"956",2013-05-02,1323,7167,8490
"957",2013-05-03,1774,6881,8655
"958",2013-05-04,3650,5822,9472
"959",2013-05-05,2931,5055,7986
"960",2013-05-06,1065,5440,6505
"961",2013-05-07,344,4075,4419
"962",2013-05-08,821,5765,6586
"963",2013-05-09,1122,6671,7793
"964",2013-05-10,1979,6891,8870
"965",2013-05-11,2099,4356,6455
"966",2013-05-12,3084,4926,8010
"967",2013-05-13,1064,6317,7381
"968",2013-05-14,1264,6797,8061
"969",2013-05-15,1321,7435,8756
"970",2013-05-16,1522,7373,8895
"971",2013-05-17,2544,7503,10047
"972",2013-05-18,1925,4408,6333
"973",2013-05-19,2077,4597,6674
"974",2013-05-20,1624,6759,8383
"975",2013-05-21,1648,7394,9042
"976",2013-05-22,1401,7494,8895
"977",2013-05-23,1288,6763,8051
"978",2013-05-24,1004,5623,6627
"979",2013-05-25,3621,4323,7944
"980",2013-05-26,5652,4236,9888
"981",2013-05-27,4452,4514,8966
"982",2013-05-28,1587,5964,7551
"983",2013-05-29,1736,7539,9275
"984",2013-05-30,1366,7374,8740
"985",2013-05-31,1835,7267,9102
"986",2013-06-01,3657,5800,9457
"987",2013-06-02,2997,4667,7664
"988",2013-06-03,1442,5951,7393
"989",2013-06-04,1852,8074,9926
"990",2013-06-05,1910,8076,9986
"991",2013-06-06,1223,5631,6854
"992",2013-06-07,242,2235,2477
"993",2013-06-08,3572,6186,9758
"994",2013-06-09,3433,5787,9220
"995",2013-06-10,713,3655,4368
"996",2013-06-11,1737,7456,9193
"997",2013-06-12,1585,7595,9180
"998",2013-06-13,1162,6097,7259
"999",2013-06-14,2209,7574,9783
"1000",2013-06-15,4201,6245,10446
"1001",2013-06-16,3533,5177,8710
"1002",2013-06-17,1729,6884,8613
"1003",2013-06-18,940,6200,7140
"1004",2013-06-19,1802,8237,10039
"1005",2013-06-20,1795,8352,10147
"1006",2013-06-21,2367,7952,10319
"1007",2013-06-22,4401,6398,10799
"1008",2013-06-23,2404,4771,7175
"1009",2013-06-24,1470,6572,8042
"1010",2013-06-25,1559,7411,8970
"1011",2013-06-26,1312,7080,8392
"1012",2013-06-27,1302,7317,8619
"1013",2013-06-28,1060,5187,6247
"1014",2013-06-29,3973,6530,10503
"1015",2013-06-30,2405,4682,7087
"1016",2013-07-01,1372,6470,7842
"1017",2013-07-02,1284,6537,7821
"1018",2013-07-03,1603,6122,7725
"1019",2013-07-04,5222,5520,10742
"1020",2013-07-05,4785,5772,10557
"1021",2013-07-06,4295,4607,8902
"1022",2013-07-07,2490,4381,6871
"1023",2013-07-08,1323,6747,8070
"1024",2013-07-09,1197,7568,8765
"1025",2013-07-10,1116,6997,8113
"1026",2013-07-11,1385,7485,8870
"1027",2013-07-12,1006,4719,5725
"1028",2013-07-13,3223,6055,9278
"1029",2013-07-14,2797,5593,8390
"1030",2013-07-15,1343,6690,8033
"1031",2013-07-16,1304,7098,8402
"1032",2013-07-17,1341,7292,8633
"1033",2013-07-18,1121,6704,7825
"1034",2013-07-19,1512,6466,7978
"1035",2013-07-20,3129,5494,8623
"1036",2013-07-21,3132,5332,8464
"1037",2013-07-22,1578,7100,8678
"1038",2013-07-23,1513,7721,9234
"1039",2013-07-24,1707,8053,9760
"1040",2013-07-25,1908,8197,10105
"1041",2013-07-26,2243,8019,10262
"1042",2013-07-27,3173,5210,8383
"1043",2013-07-28,2862,5276,8138
"1044",2013-07-29,1915,7328,9243
"1045",2013-07-30,1955,7923,9878
"1046",2013-07-31,1468,7234,8702
"1047",2013-08-01,1178,6577,7755
"1048",2013-08-02,2358,7456,9814
"1049",2013-08-03,3315,5135,8450
"1050",2013-08-04,4317,6080,10397
"1051",2013-08-05,2344,7709,10053
"1052",2013-08-06,1547,6835,8382
"1053",2013-08-07,1931,7788,9719
"1054",2013-08-08,1538,7330,8868
"1055",2013-08-09,2152,7309,9461
"1056",2013-08-10,4129,5918,10047
"1057",2013-08-11,3875,5610,9485
"1058",2013-08-12,2154,7327,9481
"1059",2013-08-13,1590,6713,8303
"1060",2013-08-14,1997,8394,10391
"1061",2013-08-15,2191,8438,10629
"1062",2013-08-16,2794,7969,10763
"1063",2013-08-17,4739,6303,11042
"1064",2013-08-18,1749,4004,5753
"1065",2013-08-19,1847,7121,8968
"1066",2013-08-20,1725,7854,9579
"1067",2013-08-21,1647,7493,9140
"1068",2013-08-22,1862,7681,9543
"1069",2013-08-23,1158,6467,7625
"1070",2013-08-24,3782,7062,10844
"1071",2013-08-25,3327,6154,9481
"1072",2013-08-26,1687,7582,9269
"1073",2013-08-27,1538,7968,9506
"1074",2013-08-28,993,6643,7636
"1075",2013-08-29,1646,7697,9343
"1076",2013-08-30,2306,7355,9661
"1077",2013-08-31,4365,5038,9403
"1078",2013-09-01,4698,4518,9216
"1079",2013-09-02,3201,4824,8025
"1080",2013-09-03,1375,7435,8810
"1081",2013-09-04,1532,8202,9734
"1082",2013-09-05,1575,8343,9918
"1083",2013-09-06,1814,8327,10141
"1084",2013-09-07,3211,6907,10118
"1085",2013-09-08,3033,6367,9400
"1086",2013-09-09,1381,7675,9056
"1087",2013-09-10,1435,7995,9430
"1088",2013-09-11,1271,7904,9175
"1089",2013-09-12,946,6035,6981
"1090",2013-09-13,1589,8342,9931
"1091",2013-09-14,3943,7188,11131
"1092",2013-09-15,3201,6547,9748
"1093",2013-09-16,1084,7184,8268
"1094",2013-09-17,1269,8567,9836
"1095",2013-09-18,1298,8654,9952
"1096",2013-09-19,1637,8723,10360
"1097",2013-09-20,1909,8636,10545
"1098",2013-09-21,2149,4691,6840
"1099",2013-09-22,2749,6590,9339
"1100",2013-09-23,1272,7709,8981
"1101",2013-09-24,1144,8345,9489
"1102",2013-09-25,1169,8355,9524
"1103",2013-09-26,1293,8495,9788
"1104",2013-09-27,1634,8224,9858
"1105",2013-09-28,3502,6555,10057
"1106",2013-09-29,3080,6171,9251
"1107",2013-09-30,1338,7694,9032
"1108",2013-10-01,1339,8916,10255
"1109",2013-10-02,1289,8960,10249
"1110",2013-10-03,1248,8811,10059
"1111",2013-10-04,1667,8491,10158
"1112",2013-10-05,3401,7055,10456
"1113",2013-10-06,2992,6658,9650
"1114",2013-10-07,420,5377,5797
"1115",2013-10-08,1278,8551,9829
"1116",2013-10-09,757,5603,6360
"1117",2013-10-10,180,2311,2491
"1118",2013-10-11,117,1658,1775
"1119",2013-10-12,1299,3892,5191
"1120",2013-10-13,1523,4415,5938
"1121",2013-10-14,1830,6988,8818
"1122",2013-10-15,1031,8241,9272
"1123",2013-10-16,1113,8516,9629
"1124",2013-10-17,1049,8419,9468
"1125",2013-10-18,1870,8386,10256
"1126",2013-10-19,3190,6119,9309
"1127",2013-10-20,2541,5952,8493
"1128",2013-10-21,1331,7625,8956
"1129",2013-10-22,736,8254,8990
"1130",2013-10-23,616,7268,7884
"1131",2013-10-24,591,7232,7823
"1132",2013-10-25,913,6953,7866
"1133",2013-10-26,2195,5711,7906
"1134",2013-10-27,2380,5537,7917
"1135",2013-10-28,1177,7338,8515
"1136",2013-10-29,963,7986,8949
"1137",2013-10-30,806,7249,8055
"1138",2013-10-31,723,7612,8335
"1139",2013-11-01,921,7125,8046
"1140",2013-11-02,2866,6507,9373
"1141",2013-11-03,2115,5537,7652
"1142",2013-11-04,554,6300,6854
"1143",2013-11-05,670,7482,8152
"1144",2013-11-06,797,7982,8779
"1145",2013-11-07,485,7489,7974
"1146",2013-11-08,727,6781,7508
"1147",2013-11-09,2191,5350,7541
"1148",2013-11-10,2067,5110,7177
"1149",2013-11-11,972,6216,7188
"1150",2013-11-12,262,5850,6112
"1151",2013-11-13,280,6186,6466
"1152",2013-11-14,378,6895,7273
"1153",2013-11-15,782,6889,7671
"1154",2013-11-16,1529,5275,6804
"1155",2013-11-17,1446,5499,6945
"1156",2013-11-18,707,7546,8253
"1157",2013-11-19,426,7019,7445
"1158",2013-11-20,452,6888,7340
"1159",2013-11-21,471,7050,7521
"1160",2013-11-22,719,7427,8146
"1161",2013-11-23,1267,4867,6134
"1162",2013-11-24,370,2823,3193
"1163",2013-11-25,310,4950,5260
"1164",2013-11-26,51,1822,1873
"1165",2013-11-27,44,2196,2240
"1166",2013-11-28,388,1186,1574
"1167",2013-11-29,722,2196,2918
"1168",2013-11-30,784,2219,3003
"1169",2013-12-01,662,3008,3670
"1170",2013-12-02,284,6030,6314
"1171",2013-12-03,416,7032,7448
"1172",2013-12-04,437,7114,7551
"1173",2013-12-05,582,7560,8142
"1174",2013-12-06,145,2799,2944
"1175",2013-12-07,593,4285,4878
"1176",2013-12-08,88,1269,1357
"1177",2013-12-09,67,3379,3446
"1178",2013-12-10,99,2597,2696
"1179",2013-12-11,224,5246,5470
"1180",2013-12-12,158,4926,5084
"1181",2013-12-13,246,5378,5624
"1182",2013-12-14,253,2541,2794
"1183",2013-12-15,539,3762,4301
"1184",2013-12-16,239,5373,5612
"1185",2013-12-17,202,5148,5350
"1186",2013-12-18,292,5480,5772
"1187",2013-12-19,481,6172,6653
"1188",2013-12-20,580,5931,6511
"1189",2013-12-21,1838,4592,6430
"1190",2013-12-22,660,2170,2830
"1191",2013-12-23,159,1843,2002
"1192",2013-12-24,276,2069,2345
"1193",2013-12-25,354,647,1001
"1194",2013-12-26,425,2021,2446
"1195",2013-12-27,800,2784,3584
"1196",2013-12-28,1936,2485,4421
"1197",2013-12-29,287,1154,1441
"1198",2013-12-30,674,3682,4356
"1199",2013-12-31,531,3595,4126
"1200",2014-01-01,730,2281,3011
"1201",2014-01-02,288,3028,3316
"1202",2014-01-03,75,1533,1608
"1203",2014-01-04,158,2084,2242
"1204",2014-01-05,135,1925,2060
"1205",2014-01-06,123,3384,3507
"1206",2014-01-07,29,2253,2282
"1207",2014-01-08,75,3780,3855
"1208",2014-01-09,190,4758,4948
"1209",2014-01-10,81,1762,1843
"1210",2014-01-11,97,1858,1955
"1211",2014-01-12,999,4414,5413
"1212",2014-01-13,732,6129,6861
"1213",2014-01-14,345,4714,5059
"1214",2014-01-15,516,5943,6459
"1215",2014-01-16,385,5631,6016
"1216",2014-01-17,532,5606,6138
"1217",2014-01-18,410,2889,3299
"1218",2014-01-19,720,3379,4099
"1219",2014-01-20,880,4436,5316
"1220",2014-01-21,45,1702,1747
"1221",2014-01-22,13,1413,1426
"1222",2014-01-23,34,2392,2426
"1223",2014-01-24,40,2583,2623
"1224",2014-01-25,93,2166,2259
"1225",2014-01-26,130,2424,2554
"1226",2014-01-27,69,4415,4484
"1227",2014-01-28,39,3090,3129
"1228",2014-01-29,58,3102,3160
"1229",2014-01-30,68,4110,4178
"1230",2014-01-31,239,5185,5424
"1231",2014-02-01,767,4575,5342
"1232",2014-02-02,836,4587,5423
"1233",2014-02-03,61,2401,2462
"1234",2014-02-04,130,5047,5177
"1235",2014-02-05,116,3630,3746
"1236",2014-02-06,150,5026,5176
"1237",2014-02-07,220,5174,5394
"1238",2014-02-08,390,3647,4037
"1239",2014-02-09,212,2908,3120
"1240",2014-02-10,127,4304,4431
"1241",2014-02-11,181,4566,4747
"1242",2014-02-12,84,3861,3945
"1243",2014-02-13,3,49,52
"1244",2014-02-14,73,1838,1911
"1245",2014-02-15,139,1609,1748
"1246",2014-02-16,384,2454,2838
"1247",2014-02-17,330,2981,3311
"1248",2014-02-18,269,4817,5086
"1249",2014-02-19,244,5378,5622
"1250",2014-02-20,429,6148,6577
"1251",2014-02-21,346,5437,5783
"1252",2014-02-22,1953,5864,7817
"1253",2014-02-23,841,5224,6065
"1254",2014-02-24,295,5101,5396
"1255",2014-02-25,157,4404,4561
"1256",2014-02-26,102,3819,3921
"1257",2014-02-27,159,4723,4882
"1258",2014-02-28,173,3920,4093
"1259",2014-03-01,806,3754,4560
"1260",2014-03-02,540,2953,3493
"1261",2014-03-03,16,402,418
"1262",2014-03-04,62,2182,2244
"1263",2014-03-05,237,4275,4512
"1264",2014-03-06,240,4592,4832
"1265",2014-03-07,256,4808,5064
"1266",2014-03-08,2810,5606,8416
"1267",2014-03-09,1488,4428,5916
"1268",2014-03-10,844,5941,6785
"1269",2014-03-11,1306,7054,8360
"1270",2014-03-12,702,5527,6229
"1271",2014-03-13,212,3772,3984
"1272",2014-03-14,1119,5830,6949
"1273",2014-03-15,3753,6591,10344
"1274",2014-03-16,1262,3551,4813
"1275",2014-03-17,61,1218,1279
"1276",2014-03-18,219,4439,4658
"1277",2014-03-19,112,3642,3754
"1278",2014-03-20,797,6717,7514
"1279",2014-03-21,1007,6670,7677
"1280",2014-03-22,4709,6138,10847
"1281",2014-03-23,1184,4129,5313
"1282",2014-03-24,519,4822,5341
"1283",2014-03-25,105,2987,3092
"1284",2014-03-26,248,4685,4933
"1285",2014-03-27,621,5828,6449
"1286",2014-03-28,896,5774,6670
"1287",2014-03-29,287,1975,2262
"1288",2014-03-30,58,838,896
"1289",2014-03-31,1392,6766,8158
"1290",2014-04-01,1507,7864,9371
"1291",2014-04-02,1328,7558,8886
"1292",2014-04-03,1432,7675,9107
"1293",2014-04-04,1505,7372,8877
"1294",2014-04-05,4624,6130,10754
"1295",2014-04-06,3676,6141,9817
"1296",2014-04-07,148,2653,2801
"1297",2014-04-08,1097,7752,8849
"1298",2014-04-09,1484,8388,9872
"1299",2014-04-10,2347,8894,11241
"1300",2014-04-11,2982,8450,11432
"1301",2014-04-12,7918,7646,15564
"1302",2014-04-13,7450,6969,14419
"1303",2014-04-14,3082,7492,10574
"1304",2014-04-15,190,1626,1816
"1305",2014-04-16,1356,6415,7771
"1306",2014-04-17,1515,7109,8624
"1307",2014-04-18,2323,7018,9341
"1308",2014-04-19,5910,6016,11926
"1309",2014-04-20,4095,5418,9513
"1310",2014-04-21,2029,7641,9670
"1311",2014-04-22,1263,7845,9108
"1312",2014-04-23,1201,7724,8925
"1313",2014-04-24,1608,8196,9804
"1314",2014-04-25,1548,6026,7574
"1315",2014-04-26,4959,6551,11510
"1316",2014-04-27,4496,6545,11041
"1317",2014-04-28,1253,5162,6415
"1318",2014-04-29,208,2907,3115
"1319",2014-04-30,57,1736,1793
"1320",2014-05-01,1272,8306,9578
"1321",2014-05-02,1880,8453,10333
"1322",2014-05-03,4209,6973,11182
"1323",2014-05-04,3810,6702,10512
"1324",2014-05-05,1398,6689,8087
"1325",2014-05-06,1744,8659,10403
"1326",2014-05-07,929,7633,8562
"1327",2014-05-08,1559,8844,10403
"1328",2014-05-09,2007,8402,10409
"1329",2014-05-10,2588,5643,8231
"1330",2014-05-11,4122,6847,10969
"1331",2014-05-12,1736,7698,9434
"1332",2014-05-13,1659,8271,9930
"1333",2014-05-14,1533,8188,9721
"1334",2014-05-15,1517,7883,9400
"1335",2014-05-16,1548,6485,8033
"1336",2014-05-17,4251,6952,11203
"1337",2014-05-18,3609,6598,10207
"1338",2014-05-19,2139,8294,10433
"1339",2014-05-20,2067,8780,10847
"1340",2014-05-21,1301,7202,8503
"1341",2014-05-22,1845,8481,10326
"1342",2014-05-23,2177,8222,10399
"1343",2014-05-24,5142,5383,10525
"1344",2014-05-25,6742,5343,12085
"1345",2014-05-26,5030,5659,10689
"1346",2014-05-27,1632,6589,8221
"1347",2014-05-28,1497,8425,9922
"1348",2014-05-29,548,4759,5307
"1349",2014-05-30,2014,8791,10805
"1350",2014-05-31,4526,7548,12074
"1351",2014-06-01,3785,7147,10932
"1352",2014-06-02,1863,8492,10355
"1353",2014-06-03,1617,8750,10367
"1354",2014-06-04,1509,8657,10166
"1355",2014-06-05,1518,9219,10737
"1356",2014-06-06,2183,9626,11809
"1357",2014-06-07,4275,7565,11840
"1358",2014-06-08,3843,6745,10588
"1359",2014-06-09,2004,8492,10496
"1360",2014-06-10,1470,8078,9548
"1361",2014-06-11,1213,7399,8612
"1362",2014-06-12,1167,8043,9210
"1363",2014-06-13,1522,7935,9457
"1364",2014-06-14,4318,7576,11894
"1365",2014-06-15,3981,7055,11036
"1366",2014-06-16,1923,8509,10432
"1367",2014-06-17,1723,8783,10506
"1368",2014-06-18,1536,8455,9991
"1369",2014-06-19,1717,8707,10424
"1370",2014-06-20,2443,9191,11634
"1371",2014-06-21,3639,6167,9806
"1372",2014-06-22,3812,7016,10828
"1373",2014-06-23,2214,8624,10838
"1374",2014-06-24,1958,9211,11169
"1375",2014-06-25,1705,8490,10195
"1376",2014-06-26,1737,9228,10965
"1377",2014-06-27,2274,8365,10639
"1378",2014-06-28,3934,6916,10850
"1379",2014-06-29,4119,6659,10778
"1380",2014-06-30,2069,8402,10471
"1381",2014-07-01,1898,8604,10502
"1382",2014-07-02,1691,7874,9565
"1383",2014-07-03,1925,6673,8598
"1384",2014-07-04,5997,5900,11897
"1385",2014-07-05,7096,5730,12826
"1386",2014-07-06,4972,5954,10926
"1387",2014-07-07,2111,7942,10053
"1388",2014-07-08,1383,7160,8543
"1389",2014-07-09,1516,7283,8799
"1390",2014-07-10,1543,7146,8689
"1391",2014-07-11,2546,8683,11229
"1392",2014-07-12,4894,6618,11512
"1393",2014-07-13,3471,5870,9341
"1394",2014-07-14,1885,6654,8539
"1395",2014-07-15,1374,6478,7852
"1396",2014-07-16,2282,9026,11308
"1397",2014-07-17,2589,9021,11610
"1398",2014-07-18,3126,8531,11657
"1399",2014-07-19,5247,6517,11764
"1400",2014-07-20,4664,6141,10805
"1401",2014-07-21,2852,8177,11029
"1402",2014-07-22,2612,8580,11192
"1403",2014-07-23,2191,8030,10221
"1404",2014-07-24,2398,8292,10690
"1405",2014-07-25,3619,8692,12311
"1406",2014-07-26,5559,6424,11983
"1407",2014-07-27,4158,5847,10005
"1408",2014-07-28,2621,8067,10688
"1409",2014-07-29,2570,8788,11358
"1410",2014-07-30,2477,8882,11359
"1411",2014-07-31,2496,8486,10982
"1412",2014-08-01,2210,7641,9851
"1413",2014-08-02,5216,5621,10837
"1414",2014-08-03,3925,5899,9824
"1415",2014-08-04,2939,7948,10887
"1416",2014-08-05,2546,8170,10716
"1417",2014-08-06,2603,8348,10951
"1418",2014-08-07,2579,8484,11063
"1419",2014-08-08,3326,7948,11274
"1420",2014-08-09,4724,5632,10356
"1421",2014-08-10,4958,5721,10679
"1422",2014-08-11,2776,6836,9612
"1423",2014-08-12,880,5090,5970
"1424",2014-08-13,2532,8350,10882
"1425",2014-08-14,2660,8346,11006
"1426",2014-08-15,3481,8461,11942
"1427",2014-08-16,5827,6424,12251
"1428",2014-08-17,4385,6203,10588
"1429",2014-08-18,2514,8200,10714
"1430",2014-08-19,1865,8665,10530
"1431",2014-08-20,1928,7222,9150
"1432",2014-08-21,2019,7716,9735
"1433",2014-08-22,2205,8039,10244
"1434",2014-08-23,2045,4386,6431
"1435",2014-08-24,3841,6951,10792
"1436",2014-08-25,2145,8599,10744
"1437",2014-08-26,1921,8953,10874
"1438",2014-08-27,2078,9060,11138
"1439",2014-08-28,2016,9045,11061
"1440",2014-08-29,2847,8765,11612
"1441",2014-08-30,4945,5269,10214
"1442",2014-08-31,4547,4393,8940
"1443",2014-09-01,3306,4997,8303
"1444",2014-09-02,1403,7220,8623
"1445",2014-09-03,1417,8995,10412
"1446",2014-09-04,1561,9269,10830
"1447",2014-09-05,1859,9147,11006
"1448",2014-09-06,2781,6534,9315
"1449",2014-09-07,3622,7607,11229
"1450",2014-09-08,1728,8649,10377
"1451",2014-09-09,1471,9507,10978
"1452",2014-09-10,1403,9830,11233
"1453",2014-09-11,1325,9672,10997
"1454",2014-09-12,2193,9986,12179
"1455",2014-09-13,2147,6060,8207
"1456",2014-09-14,4086,7825,11911
"1457",2014-09-15,1861,9487,11348
"1458",2014-09-16,1905,10229,12134
"1459",2014-09-17,1693,9940,11633
"1460",2014-09-18,1447,10060,11507
"1461",2014-09-19,2019,9836,11855
"1462",2014-09-20,4472,8205,12677
"1463",2014-09-21,3421,7316,10737
"1464",2014-09-22,1563,9439,11002
"1465",2014-09-23,1367,10225,11592
"1466",2014-09-24,1112,8197,9309
"1467",2014-09-25,518,6127,6645
"1468",2014-09-26,2251,9880,12131
"1469",2014-09-27,4422,8204,12626
"1470",2014-09-28,3605,7299,10904
"1471",2014-09-29,1587,9040,10627
"1472",2014-09-30,1416,10192,11608
"1473",2014-10-01,1229,9321,10550
"1474",2014-10-02,1504,10192,11696
"1475",2014-10-03,1688,9215,10903
"1476",2014-10-04,3370,7272,10642
"1477",2014-10-05,2809,6838,9647
"1478",2014-10-06,1655,9000,10655
"1479",2014-10-07,1122,8342,9464
"1480",2014-10-08,1435,9826,11261
"1481",2014-10-09,1614,9616,11230
"1482",2014-10-10,1304,6840,8144
"1483",2014-10-11,1572,4125,5697
"1484",2014-10-12,3492,5927,9419
"1485",2014-10-13,1080,5531,6611
"1486",2014-10-14,1560,9340,10900
"1487",2014-10-15,444,5656,6100
"1488",2014-10-16,1180,8896,10076
"1489",2014-10-17,2659,9281,11940
"1490",2014-10-18,3938,6910,10848
"1491",2014-10-19,2273,5848,8121
"1492",2014-10-20,1202,8224,9426
"1493",2014-10-21,745,6722,7467
"1494",2014-10-22,240,4146,4386
"1495",2014-10-23,1055,8699,9754
"1496",2014-10-24,1716,8737,10453
"1497",2014-10-25,3828,7354,11182
"1498",2014-10-26,3307,6946,10253
"1499",2014-10-27,1577,8961,10538
"1500",2014-10-28,1419,10163,11582
"1501",2014-10-29,771,8625,9396
"1502",2014-10-30,887,9158,10045
"1503",2014-10-31,1131,8444,9575
"1504",2014-11-01,1128,4936,6064
"1505",2014-11-02,894,4749,5643
"1506",2014-11-03,619,7944,8563
"1507",2014-11-04,750,9059,9809
"1508",2014-11-05,700,8418,9118
"1509",2014-11-06,422,6884,7306
"1510",2014-11-07,846,7844,8690
"1511",2014-11-08,1772,5779,7551
"1512",2014-11-09,2002,5824,7826
"1513",2014-11-10,1175,8119,9294
"1514",2014-11-11,1720,9052,10772
"1515",2014-11-12,779,8760,9539
"1516",2014-11-13,485,6639,7124
"1517",2014-11-14,479,6539,7018
"1518",2014-11-15,1217,4721,5938
"1519",2014-11-16,862,3875,4737
"1520",2014-11-17,169,3914,4083
"1521",2014-11-18,271,5257,5528
"1522",2014-11-19,194,5788,5982
"1523",2014-11-20,311,6923,7234
"1524",2014-11-21,413,5932,6345
"1525",2014-11-22,908,4653,5561
"1526",2014-11-23,1107,4453,5560
"1527",2014-11-24,1070,8072,9142
"1528",2014-11-25,888,7239,8127
"1529",2014-11-26,53,1371,1424
"1530",2014-11-27,431,1412,1843
"1531",2014-11-28,520,2089,2609
"1532",2014-11-29,1010,2641,3651
"1533",2014-11-30,973,3993,4966
"1534",2014-12-01,460,5854,6314
"1535",2014-12-02,57,2596,2653
"1536",2014-12-03,223,6630,6853
"1537",2014-12-04,346,6986,7332
"1538",2014-12-05,279,5707,5986
"1539",2014-12-06,287,2390,2677
"1540",2014-12-07,703,4550,5253
"1541",2014-12-08,263,5763,6026
"1542",2014-12-09,75,3215,3290
"1543",2014-12-10,261,6436,6697
"1544",2014-12-11,293,6027,6320
"1545",2014-12-12,446,6314,6760
"1546",2014-12-13,738,4885,5623
"1547",2014-12-14,754,4493,5247
"1548",2014-12-15,554,7084,7638
"1549",2014-12-16,212,5735,5947
"1550",2014-12-17,495,6874,7369
"1551",2014-12-18,241,6072,6313
"1552",2014-12-19,308,5559,5867
"1553",2014-12-20,442,3405,3847
"1554",2014-12-21,622,2930,3552
"1555",2014-12-22,155,2808,2963
"1556",2014-12-23,224,3496,3720
"1557",2014-12-24,57,1155,1212
"1558",2014-12-25,779,856,1635
"1559",2014-12-26,1170,1741,2911
"1560",2014-12-27,2151,2030,4181
"1561",2014-12-28,1126,1735,2861
"1562",2014-12-29,1175,3967,5142
"1563",2014-12-30,801,4361,5162
"1564",2014-12-31,549,3660,4209
"1565",2015-01-01,559,2019,2578
"1566",2015-01-02,938,4170,5108
"1567",2015-01-03,217,1486,1703
"1568",2015-01-04,502,3156,3658
"1569",2015-01-05,293,4929,5222
"1570",2015-01-06,45,2015,2060
"1571",2015-01-07,65,2970,3035
"1572",2015-01-08,40,2912,2952
"1573",2015-01-09,87,4127,4214
"1574",2015-01-10,159,2514,2673
"1575",2015-01-11,363,3088,3451
"1576",2015-01-12,83,2072,2155
"1577",2015-01-13,246,5227,5473
"1578",2015-01-14,205,4350,4555
"1579",2015-01-15,272,5502,5774
"1580",2015-01-16,263,5420,5683
"1581",2015-01-17,693,3524,4217
"1582",2015-01-18,277,2246,2523
"1583",2015-01-19,618,4016,4634
"1584",2015-01-20,202,6061,6263
"1585",2015-01-21,121,5229,5350
"1586",2015-01-22,309,6060,6369
"1587",2015-01-23,268,4465,4733
"1588",2015-01-24,231,3241,3472
"1589",2015-01-25,657,4502,5159
"1590",2015-01-26,34,2395,2429
"1591",2015-01-27,72,3995,4067
"1592",2015-01-28,103,4991,5094
"1593",2015-01-29,95,4533,4628
"1594",2015-01-30,131,4717,4848
"1595",2015-01-31,321,3010,3331
"1596",2015-02-01,269,3318,3587
"1597",2015-02-02,54,3827,3881
"1598",2015-02-03,6,5111,5117
"1599",2015-02-04,39,6035,6074
"1600",2015-02-05,153,4833,4986
"1601",2015-02-06,176,4751,4927
"1602",2015-02-07,737,4188,4925
"1603",2015-02-08,1554,5093,6647
"1604",2015-02-09,164,4775,4939
"1605",2015-02-10,204,5463,5667
"1606",2015-02-11,416,6176,6592
"1607",2015-02-12,223,5216,5439
"1608",2015-02-13,165,3845,4010
"1609",2015-02-14,481,2452,2933
"1610",2015-02-15,71,970,1041
"1611",2015-02-16,96,1219,1315
"1612",2015-02-17,35,1143,1178
"1613",2015-02-18,43,3100,3143
"1614",2015-02-19,57,2625,2682
"1615",2015-02-20,61,2423,2484
"1616",2015-02-21,22,719,741
"1617",2015-02-22,141,1848,1989
"1618",2015-02-23,79,3518,3597
"1619",2015-02-24,59,3812,3871
"1620",2015-02-25,118,4832,4950
"1621",2015-02-26,103,3372,3475
"1622",2015-02-27,186,4454,4640
"1623",2015-02-28,396,2826,3222
"1624",2015-03-01,48,720,768
"1625",2015-03-02,170,3897,4067
"1626",2015-03-03,155,3676,3831
"1627",2015-03-04,112,4029,4141
"1628",2015-03-05,29,509,538
"1629",2015-03-06,73,1855,1928
"1630",2015-03-07,352,2830,3182
"1631",2015-03-08,1273,4075,5348
"1632",2015-03-09,1301,6641,7942
"1633",2015-03-10,362,3579,3941
"1634",2015-03-11,994,6706,7700
"1635",2015-03-12,1709,7290,8999
"1636",2015-03-13,1352,6556,7908
"1637",2015-03-14,758,2789,3547
"1638",2015-03-15,1929,4487,6416
"1639",2015-03-16,1574,7207,8781
"1640",2015-03-17,1414,7613,9027
"1641",2015-03-18,772,6610,7382
"1642",2015-03-19,1137,6907,8044
"1643",2015-03-20,145,2760,2905
"1644",2015-03-21,3227,5816,9043
"1645",2015-03-22,2639,5314,7953
"1646",2015-03-23,1403,6564,7967
"1647",2015-03-24,956,6773,7729
"1648",2015-03-25,663,6760,7423
"1649",2015-03-26,1156,7380,8536
"1650",2015-03-27,834,5168,6002
"1651",2015-03-28,854,3719,4573
"1652",2015-03-29,1606,4066,5672
"1653",2015-03-30,1543,7409,8952
"1654",2015-03-31,1232,6779,8011
"1655",2015-04-01,1780,8097,9877
"1656",2015-04-02,2608,8668,11276
"1657",2015-04-03,1177,5251,6428
"1658",2015-04-04,5102,5336,10438
"1659",2015-04-05,5228,4959,10187
"1660",2015-04-06,3617,9023,12640
"1661",2015-04-07,2498,8619,11117
"1662",2015-04-08,993,6448,7441
"1663",2015-04-09,1053,6775,7828
"1664",2015-04-10,2200,7198,9398
"1665",2015-04-11,8614,8132,16746
"1666",2015-04-12,7838,7914,15752
"1667",2015-04-13,3186,9510,12696
"1668",2015-04-14,293,3532,3825
"1669",2015-04-15,1886,9243,11129
"1670",2015-04-16,2012,9679,11691
"1671",2015-04-17,3141,9409,12550
"1672",2015-04-18,7748,8260,16008
"1673",2015-04-19,4436,5819,10255
"1674",2015-04-20,1769,7299,9068
"1675",2015-04-21,2050,9594,11644
"1676",2015-04-22,1513,9032,10545
"1677",2015-04-23,1611,8496,10107
"1678",2015-04-24,2199,8177,10376
"1679",2015-04-25,2684,4508,7192
"1680",2015-04-26,4014,6323,10337
"1681",2015-04-27,1221,7648,8869
"1682",2015-04-28,1688,9311,10999
"1683",2015-04-29,1939,9725,11664
"1684",2015-04-30,1511,8746,10257
"1685",2015-05-01,1778,8578,10356
"1686",2015-05-02,5110,7469,12579
"1687",2015-05-03,4986,7120,12106
"1688",2015-05-04,2609,9383,11992
"1689",2015-05-05,1785,9315,11100
"1690",2015-05-06,1825,9664,11489
"1691",2015-05-07,2131,10191,12322
"1692",2015-05-08,2925,10506,13431
"1693",2015-05-09,5134,7717,12851
"1694",2015-05-10,4545,6555,11100
"1695",2015-05-11,2530,9609,12139
"1696",2015-05-12,2265,9802,12067
"1697",2015-05-13,1763,10017,11780
"1698",2015-05-14,2546,10071,12617
"1699",2015-05-15,3365,10286,13651
"1700",2015-05-16,4454,6754,11208
"1701",2015-05-17,3966,6976,10942
"1702",2015-05-18,2358,8087,10445
"1703",2015-05-19,2182,9886,12068
"1704",2015-05-20,2521,10465,12986
"1705",2015-05-21,517,6466,6983
"1706",2015-05-22,3183,9348,12531
"1707",2015-05-23,6652,6068,12720
"1708",2015-05-24,7787,5792,13579
"1709",2015-05-25,5870,6139,12009
"1710",2015-05-26,2263,9091,11354
"1711",2015-05-27,1676,9799,11475
"1712",2015-05-28,2100,9538,11638
"1713",2015-05-29,2417,9650,12067
"1714",2015-05-30,5062,7610,12672
"1715",2015-05-31,4046,6882,10928
"1716",2015-06-01,1498,6608,8106
"1717",2015-06-02,901,7154,8055
"1718",2015-06-03,1121,8761,9882
"1719",2015-06-04,847,5513,6360
"1720",2015-06-05,2074,9008,11082
"1721",2015-06-06,4674,8011,12685
"1722",2015-06-07,4543,7132,11675
"1723",2015-06-08,1838,8129,9967
"1724",2015-06-09,1856,9916,11772
"1725",2015-06-10,1572,10018,11590
"1726",2015-06-11,2033,9821,11854
"1727",2015-06-12,2109,8763,10872
"1728",2015-06-13,4436,7332,11768
"1729",2015-06-14,3265,6250,9515
"1730",2015-06-15,1919,8068,9987
"1731",2015-06-16,1866,9634,11500
"1732",2015-06-17,1837,9338,11175
"1733",2015-06-18,1530,8465,9995
"1734",2015-06-19,2463,9561,12024
"1735",2015-06-20,3448,5870,9318
"1736",2015-06-21,2264,6520,8784
"1737",2015-06-22,2191,9072,11263
"1738",2015-06-23,1286,7904,9190
"1739",2015-06-24,2212,10378,12590
"1740",2015-06-25,2099,9032,11131
"1741",2015-06-26,2963,10079,13042
"1742",2015-06-27,683,2622,3305
"1743",2015-06-28,4273,7348,11621
"1744",2015-06-29,2713,9492,12205
"1745",2015-06-30,2136,9844,11980
"1746",2015-07-01,2308,8915,11223
"1747",2015-07-02,2488,8769,11257
"1748",2015-07-03,6429,6362,12791
"1749",2015-07-04,5755,4533,10288
"1750",2015-07-05,6211,5988,12199
"1751",2015-07-06,2614,8288,10902
"1752",2015-07-07,2393,9830,12223
"1753",2015-07-08,1683,7812,9495
"1754",2015-07-09,1916,9129,11045
"1755",2015-07-10,3072,9941,13013
"1756",2015-07-11,4847,7573,12420
"1757",2015-07-12,4314,7397,11711
"1758",2015-07-13,1864,8360,10224
"1759",2015-07-14,1975,9616,11591
"1760",2015-07-15,2039,10049,12088
"1761",2015-07-16,2516,10741,13257
"1762",2015-07-17,2977,9650,12627
"1763",2015-07-18,4426,6670,11096
"1764",2015-07-19,4155,5993,10148
"1765",2015-07-20,2318,8538,10856
"1766",2015-07-21,2246,9565,11811
"1767",2015-07-22,2468,10466,12934
"1768",2015-07-23,2575,10417,12992
"1769",2015-07-24,3280,10059,13339
"1770",2015-07-25,5807,7095,12902
"1771",2015-07-26,4682,6632,11314
"1772",2015-07-27,2482,8437,10919
"1773",2015-07-28,2528,9448,11976
"1774",2015-07-29,2428,9742,12170
"1775",2015-07-30,1803,9005,10808
"1776",2015-07-31,2751,9645,12396
"1777",2015-08-01,4940,7103,12043
"1778",2015-08-02,4550,6897,11447
"1779",2015-08-03,2714,9371,12085
"1780",2015-08-04,2212,9414,11626
"1781",2015-08-05,2408,10093,12501
"1782",2015-08-06,2565,10052,12617
"1783",2015-08-07,2827,9354,12181
"1784",2015-08-08,5843,7127,12970
"1785",2015-08-09,4923,6728,11651
"1786",2015-08-10,2362,8132,10494
"1787",2015-08-11,2065,9277,11342
"1788",2015-08-12,2304,10181,12485
"1789",2015-08-13,2344,10091,12435
"1790",2015-08-14,2972,9577,12549
"1791",2015-08-15,5261,6821,12082
"1792",2015-08-16,3872,6320,10192
"1793",2015-08-17,2135,8836,10971
"1794",2015-08-18,2098,9497,11595
"1795",2015-08-19,1985,9981,11966
"1796",2015-08-20,1823,8369,10192
"1797",2015-08-21,3064,9838,12902
"1798",2015-08-22,4995,7344,12339
"1799",2015-08-23,4119,6862,10981
"1800",2015-08-24,1963,8320,10283
"1801",2015-08-25,2220,10452,12672
"1802",2015-08-26,1933,10397,12330
"1803",2015-08-27,2022,10384,12406
"1804",2015-08-28,2440,9770,12210
"1805",2015-08-29,4426,7100,11526
"1806",2015-08-30,3512,6676,10188
"1807",2015-08-31,1716,9336,11052
"1808",2015-09-01,1504,10018,11522
"1809",2015-09-02,1545,9833,11378
"1810",2015-09-03,1670,9461,11131
"1811",2015-09-04,2187,8863,11050
"1812",2015-09-05,5260,5607,10867
"1813",2015-09-06,6970,5430,12400
"1814",2015-09-07,4295,6056,10351
"1815",2015-09-08,1381,9584,10965
"1816",2015-09-09,1352,9713,11065
"1817",2015-09-10,1078,9278,10356
"1818",2015-09-11,2085,10082,12167
"1819",2015-09-12,1417,5248,6665
"1820",2015-09-13,3127,7270,10397
"1821",2015-09-14,1592,9564,11156
"1822",2015-09-15,1540,10403,11943
"1823",2015-09-16,1485,10453,11938
"1824",2015-09-17,1561,10388,11949
"1825",2015-09-18,1809,10147,11956
"1826",2015-09-19,3971,7609,11580
"1827",2015-09-20,3604,7394,10998
"1828",2015-09-21,1314,6502,7816
"1829",2015-09-22,1783,10169,11952
"1830",2015-09-23,2339,10434,12773
"1831",2015-09-24,2320,10194,12514
"1832",2015-09-25,1814,9589,11403
"1833",2015-09-26,3509,7529,11038
"1834",2015-09-27,2892,7087,9979
"1835",2015-09-28,1569,9736,11305
"1836",2015-09-29,930,6310,7240
"1837",2015-09-30,1047,9137,10184
"1838",2015-10-01,224,4575,4799
"1839",2015-10-02,104,1975,2079
"1840",2015-10-03,598,3452,4050
"1841",2015-10-04,1311,5313,6624
"1842",2015-10-05,1234,9211,10445
"1843",2015-10-06,1203,10348,11551
"1844",2015-10-07,1181,10553,11734
"1845",2015-10-08,1474,10237,11711
"1846",2015-10-09,1829,8672,10501
"1847",2015-10-10,3800,6469,10269
"1848",2015-10-11,4380,6111,10491
"1849",2015-10-12,2889,7606,10495
"1850",2015-10-13,1294,9509,10803
"1851",2015-10-14,1214,10192,11406
"1852",2015-10-15,1654,9852,11506
"1853",2015-10-16,1874,9389,11263
"1854",2015-10-17,2861,5921,8782
"1855",2015-10-18,1788,5190,6978
"1856",2015-10-19,913,8161,9074
"1857",2015-10-20,933,9103,10036
"1858",2015-10-21,1056,9622,10678
"1859",2015-10-22,1643,9644,11287
"1860",2015-10-23,2136,9334,11470
"1861",2015-10-24,3434,6296,9730
"1862",2015-10-25,2654,5933,8587
"1863",2015-10-26,1434,8539,9973
"1864",2015-10-27,939,8858,9797
"1865",2015-10-28,201,4978,5179
"1866",2015-10-29,1142,9490,10632
"1867",2015-10-30,1125,8575,9700
"1868",2015-10-31,2425,6296,8721
"1869",2015-11-01,1897,5314,7211
"1870",2015-11-02,1051,8395,9446
"1871",2015-11-03,985,9523,10508
"1872",2015-11-04,1092,9730,10822
"1873",2015-11-05,1073,9480,10553
"1874",2015-11-06,2155,9454,11609
"1875",2015-11-07,1148,4462,5610
"1876",2015-11-08,2790,6204,8994
"1877",2015-11-09,564,6151,6715
"1878",2015-11-10,248,5525,5773
"1879",2015-11-11,945,7956,8901
"1880",2015-11-12,543,7933,8476
"1881",2015-11-13,928,8334,9262
"1882",2015-11-14,1823,5348,7171
"1883",2015-11-15,1932,5509,7441
"1884",2015-11-16,757,8399,9156
"1885",2015-11-17,652,8574,9226
"1886",2015-11-18,752,9016,9768
"1887",2015-11-19,258,5997,6255
"1888",2015-11-20,947,8150,9097
"1889",2015-11-21,1867,5432,7299
"1890",2015-11-22,819,4129,4948
"1891",2015-11-23,313,6288,6601
"1892",2015-11-24,506,6994,7500
"1893",2015-11-25,696,6168,6864
"1894",2015-11-26,1366,2028,3394
"1895",2015-11-27,2857,3383,6240
"1896",2015-11-28,2824,3594,6418
"1897",2015-11-29,343,2534,2877
"1898",2015-11-30,114,4046,4160
"1899",2015-12-01,73,3881,3954
"1900",2015-12-02,160,5580,5740
"1901",2015-12-03,308,7661,7969
"1902",2015-12-04,478,7462,7940
"1903",2015-12-05,1461,5625,7086
"1904",2015-12-06,1104,4876,5980
"1905",2015-12-07,559,7369,7928
"1906",2015-12-08,483,7975,8458
"1907",2015-12-09,301,7681,7982
"1908",2015-12-10,561,8124,8685
"1909",2015-12-11,797,7925,8722
"1910",2015-12-12,2300,6420,8720
"1911",2015-12-13,1933,6101,8034
"1912",2015-12-14,545,6100,6645
"1913",2015-12-15,526,8277,8803
"1914",2015-12-16,595,8030,8625
"1915",2015-12-17,135,4418,4553
"1916",2015-12-18,344,6354,6698
"1917",2015-12-19,532,3747,4279
"1918",2015-12-20,574,3645,4219
"1919",2015-12-21,591,6084,6675
"1920",2015-12-22,396,4538,4934
"1921",2015-12-23,101,2162,2263
"1922",2015-12-24,465,2331,2796
"1923",2015-12-25,730,772,1502
"1924",2015-12-26,1029,1673,2702
"1925",2015-12-27,2249,2374,4623
"1926",2015-12-28,838,3621,4459
"1927",2015-12-29,1004,4249,5253
"1928",2015-12-30,1038,4237,5275
"1929",2015-12-31,1291,4564,5855
